# wavelengths_cm Transit_radius_cm depth_ppm
1.005005097611864620e-05 5.960648380620400906e+08 1.713102488700461379e+02
1.015116000897692046e-05 5.960648379670587778e+08 1.713102472181537337e+02
1.025328625424038038e-05 5.960648377508406639e+08 1.713102434577389488e+02
1.035643994562451910e-05 5.960648372837616205e+08 1.713102353344098390e+02
1.046063141980162690e-05 5.960648363231439590e+08 1.713102186275704071e+02
1.056587111743663455e-05 5.960648344364558458e+08 1.713101858147317671e+02
1.067216958423325494e-05 5.960648308876545429e+08 1.713101240948089981e+02
1.077953747199078372e-05 5.960648244776529074e+08 1.713100126135590813e+02
1.088798553967148446e-05 5.960648133316657543e+08 1.713098187651593207e+02
1.099752465447867697e-05 5.960647946298965216e+08 1.713094935083742598e+02
1.110816579294569980e-05 5.960647642835714817e+08 1.713089657322250616e+02
1.121992004203588582e-05 5.960647165653324127e+08 1.713081358278887762e+02
1.133279860025347477e-05 5.960646437106286287e+08 1.713068687562255832e+02
1.144681277876580652e-05 5.960645355138678551e+08 1.713049870242074633e+02
1.156197400253681723e-05 5.960643789486330748e+08 1.713022640799383112e+02
1.167829381147182123e-05 5.960641578439208269e+08 1.712984186820806087e+02
1.179578386157390591e-05 5.960638526477403641e+08 1.712931107887808082e+02
1.191445592611200192e-05 5.960634403048022985e+08 1.712859394310102630e+02
1.203432189680054941e-05 5.960628942672870159e+08 1.712764429006487887e+02
1.215539378499117002e-05 5.960621846473321915e+08 1.712641014036653075e+02
1.227768372287629902e-05 5.960612785080252886e+08 1.712483421225321649e+02
1.240120396470489779e-05 5.960601402785480022e+08 1.712285464383267026e+02
1.252596688801037718e-05 5.960587322693053484e+08 1.712040588922315578e+02
1.265198499485092818e-05 5.960570152559902668e+08 1.711741973464341413e+02
1.277927091306235479e-05 5.960549490981575251e+08 1.711382637456847533e+02
1.290783739752339217e-05 5.960524933587085009e+08 1.710955548950905722e+02
1.303769733143384548e-05 5.960496078941324949e+08 1.710453727296452087e+02
1.316886372760564090e-05 5.960462533911318779e+08 1.709870336514865699e+02
1.330134972976669727e-05 5.960423918351655006e+08 1.709198766831926548e+02
1.343516861387804377e-05 5.960379869003461599e+08 1.708432702532419114e+02
1.357033378946423078e-05 5.960330042622199059e+08 1.707566176401253699e+02
1.370685880095693256e-05 5.960274118352810144e+08 1.706593611072049725e+02
1.384475732905225145e-05 5.960211799445133209e+08 1.705509848898193184e+02
1.398404319208165085e-05 5.960142814401032925e+08 1.704310171936135987e+02
1.412473034739655088e-05 5.960066917630721331e+08 1.702990313387515755e+02
1.426683289276699831e-05 5.959983889721574783e+08 1.701546462296342668e+02
1.441036506779437009e-05 5.959893537373840809e+08 1.699975262446795625e+02
1.455534125533826816e-05 5.959795693032859564e+08 1.698273805976950257e+02
1.470177598295772397e-05 5.959690214309023619e+08 1.696439623294615728e+02
1.484968392436698721e-05 5.959576983165287971e+08 1.694470668944775298e+02
1.499907990090598520e-05 5.959455904949326515e+08 1.692365304769360250e+02
1.514997888302542068e-05 5.959326907265752554e+08 1.690122280280421876e+02
1.530239599178694843e-05 5.959189938791025877e+08 1.687740712031634871e+02
1.545634650037846136e-05 5.959044967991510630e+08 1.685220061301252485e+02
1.561184583564445539e-05 5.958891981859233379e+08 1.682560112079068233e+02
1.576890957963195946e-05 5.958730984645787477e+08 1.679760949017575626e+02
1.592755347115201538e-05 5.958561996640422344e+08 1.676822936148816723e+02
1.608779340735667357e-05 5.958385052990356684e+08 1.673746696332899830e+02
1.624964544533208247e-05 5.958200202598323822e+08 1.670533092047445223e+02
1.641312580370754285e-05 5.958007507019532919e+08 1.667183206165446450e+02
1.657825086428063536e-05 5.957807039449068308e+08 1.663698324304539824e+02
1.674503717365880088e-05 5.957598883718196154e+08 1.660079917330542116e+02
1.691350144491750914e-05 5.957383133298069239e+08 1.656329623989581989e+02
1.708366055927488356e-05 5.957159890396237373e+08 1.652449235153931966e+02
1.725553156778338187e-05 5.956929265003527403e+08 1.648440677205905445e+02
1.742913169303845128e-05 5.956691374048763514e+08 1.644305997297572333e+02
1.760447833090430055e-05 5.956446340572786331e+08 1.640047348947223611e+02
1.778158905225705991e-05 5.956194292953718901e+08 1.635666978528392406e+02
1.796048160474551859e-05 5.955935364212238789e+08 1.631167213151333044e+02
1.814117391456962296e-05 5.955669691362769604e+08 1.626550449344441347e+02
1.832368408827666752e-05 5.955397414774736166e+08 1.621819141912849034e+02
1.850803041457577835e-05 5.955118677671419382e+08 1.616975795190369922e+02
1.869423136617056718e-05 5.954833625577980280e+08 1.612022953410408093e+02
1.888230560161017281e-05 5.954542405816913843e+08 1.606963191903517156e+02
1.907227196715894740e-05 5.954245167070114613e+08 1.601799109454812822e+02
1.926414949868509604e-05 5.953942058907234669e+08 1.596533320078341376e+02
1.945795742356805260e-05 5.953633231381381750e+08 1.591168445964023306e+02
1.965371516262523919e-05 5.953318834632263184e+08 1.585707110556614339e+02
1.985144233205823270e-05 5.952999018554213047e+08 1.580151932764351841e+02
2.005115874541831499e-05 5.952673932451318502e+08 1.574505520946221964e+02
2.025288441559197904e-05 5.952343724766756296e+08 1.568770468190569431e+02
2.045663955680637099e-05 5.952008542878532410e+08 1.562949348749426122e+02
2.066244458665489147e-05 5.951668532862505913e+08 1.557044713906683455e+02
2.087032012814308172e-05 5.951323839311333895e+08 1.551059088819662009e+02
2.108028701175525862e-05 5.950974605191470385e+08 1.544994970023337828e+02
2.129236627754191221e-05 5.950620971684458256e+08 1.538854822663782329e+02
2.150657917722792323e-05 5.950263078044101000e+08 1.532641078009067712e+02
2.172294717634222082e-05 5.949901061448311806e+08 1.526356130869680499e+02
2.194149195636877861e-05 5.949535056898556948e+08 1.520002337846972580e+02
2.216223541691917295e-05 5.949165197066185474e+08 1.513582014661272126e+02
2.238519967792708263e-05 5.948791612195574045e+08 1.507097434467940502e+02
2.261040708186494021e-05 5.948414430007537603e+08 1.500550826179706405e+02
2.283788019598265029e-05 5.948033775604060888e+08 1.493944372813325288e+02
2.306764181456906243e-05 5.947649771414495707e+08 1.487280210557480586e+02
2.329971496123614457e-05 5.947262537114305496e+08 1.480560427365371652e+02
2.353412289122598568e-05 5.946872189578877687e+08 1.473787062157251171e+02
2.377088909374116976e-05 5.946478842824021578e+08 1.466962103793028689e+02
2.401003729429865329e-05 5.946082607969942093e+08 1.460087490453329053e+02
2.425159145710702754e-05 5.945683593142317533e+08 1.453165107930484510e+02
2.449557578746801967e-05 5.945281903484541178e+08 1.446196789849255424e+02
2.474201473420199862e-05 5.944877641061162949e+08 1.439184316000892352e+02
2.499093299209791290e-05 5.944470904880657196e+08 1.432129412748327582e+02
2.524235550438780587e-05 5.944061790897036791e+08 1.425033753064814164e+02
2.549630746524632525e-05 5.943650392081062794e+08 1.417898957780260503e+02
2.575281432231543360e-05 5.943236798534352779e+08 1.410726597571450895e+02
2.601190177925428239e-05 5.942821097677912712e+08 1.403518196242382601e+02
2.627359579831492061e-05 5.942403374472225904e+08 1.396275234551107189e+02
2.653792260294403102e-05 5.941983711721140146e+08 1.388999155487967414e+02
2.680490868041047719e-05 5.941562190386786461e+08 1.381691369743558084e+02
2.707458078445958621e-05 5.941138889941685200e+08 1.374353261819080956e+02
2.734696593799414019e-05 5.940713888695323467e+08 1.366986195692131787e+02
2.762209143578209998e-05 5.940287264141982794e+08 1.359591520848552477e+02
2.789998484719177619e-05 5.939859093222265244e+08 1.352170576816278071e+02
2.818067401895454918e-05 5.939429452523002625e+08 1.344724696629588436e+02
2.846418707795512766e-05 5.938998418450914621e+08 1.337255209837245502e+02
2.875055243405012201e-05 5.938566067270174026e+08 1.329763443151293529e+02
2.903979878291497284e-05 5.938132475113868713e+08 1.322250720643573061e+02
2.933195510891937032e-05 5.937697717872312069e+08 1.314718361808652389e+02
2.962705068803162854e-05 5.937261871063421965e+08 1.307167679317272757e+02
2.992511509075238411e-05 5.936825009617997408e+08 1.299599975296657988e+02
3.022617818507783929e-05 5.936387207653092146e+08 1.292016537406625503e+02
3.053027013949255637e-05 5.935948538213691711e+08 1.284418634368529979e+02
3.083742142599260979e-05 5.935509073017092943e+08 1.276807511543280924e+02
3.114766282313919407e-05 5.935068882185781002e+08 1.269184386312270050e+02
3.146102541914264371e-05 5.934628034031801224e+08 1.261550444352236013e+02
3.177754061497776273e-05 5.934186594801963568e+08 1.253906835233905355e+02
3.209724012753050468e-05 5.933744628524966240e+08 1.246254669787208940e+02
3.242015599277600635e-05 5.933302196816039085e+08 1.238595016732516001e+02
3.274632056898893072e-05 5.932859358759607077e+08 1.230928900664192440e+02
3.307576653998604464e-05 5.932416170781981945e+08 1.223257299862464436e+02
3.340852691840115988e-05 5.931972686578109264e+08 1.215581145042153821e+02
3.374463504899331183e-05 5.931528957037925720e+08 1.207901318095315872e+02
3.408412461198826376e-05 5.931085030209501982e+08 1.200218651471093239e+02
3.442702962645320810e-05 5.930640951263301373e+08 1.192533927575380517e+02
3.477338445370585718e-05 5.930196762487519979e+08 1.184847878708591651e+02
3.512322380075770674e-05 5.929752503280887604e+08 1.177161186959578458e+02
3.547658272379187186e-05 5.929308210184283257e+08 1.169474484771246097e+02
3.583349663167583425e-05 5.928863916893408298e+08 1.161788355178253198e+02
3.619400128950973780e-05 5.928419654321011305e+08 1.154103332901749752e+02
3.655813282221040183e-05 5.927975450634412766e+08 1.146419905016473990e+02
3.692592771813101813e-05 5.927531331329718828e+08 1.138738512252174644e+02
3.729742283271766343e-05 5.927087319309414625e+08 1.131059550352814682e+02
3.767265539220255281e-05 5.926643434976284504e+08 1.123383371717533947e+02
3.805166299733413562e-05 5.926199696328378916e+08 1.115710287059074659e+02
3.843448362714504361e-05 5.925756119066398144e+08 1.108040567276015054e+02
3.882115564275795226e-05 5.925312716708275080e+08 1.100374445448776584e+02
3.921171779122938246e-05 5.924869500723032951e+08 1.092712119167785829e+02
3.960620920943250624e-05 5.924426480640206337e+08 1.085053752438258243e+02
4.000466942797909913e-05 5.923983664187526703e+08 1.077399478072729835e+02
4.040713837518044910e-05 5.923541057422630787e+08 1.069749399979052242e+02
4.081365638104859797e-05 5.923098664852288961e+08 1.062103595231755975e+02
4.122426418133777953e-05 5.922656489560991526e+08 1.054462116304212742e+02
4.163900292162616286e-05 5.922214533329625130e+08 1.046824993128501973e+02
4.205791416143903934e-05 5.921772796743637323e+08 1.039192234972739755e+02
4.248103987841343970e-05 5.921331279294553995e+08 1.031563832202692197e+02
4.290842247250446577e-05 5.920889979472372532e+08 1.023939757885022317e+02
4.334010477023398061e-05 5.920448894844204187e+08 1.016319969152191476e+02
4.377613002898218564e-05 5.920008022112481594e+08 1.008704408213852020e+02
4.421654194132238294e-05 5.919567357175571918e+08 1.001093003409281863e+02
4.466138463939907166e-05 5.919126895154221058e+08 9.934856696692335731e+01
4.511070269935035451e-05 5.918686630411212444e+08 9.858823088603949714e+01
4.556454114577487781e-05 5.918246556559299231e+08 9.782828099272157374e+01
4.602294545624336611e-05 5.917806666443300247e+08 9.706870485875435861e+01
4.648596156585586278e-05 5.917366952110629082e+08 9.630948868286643005e+01
4.695363587184495422e-05 5.916927404765542746e+08 9.555061721225602867e+01
4.742601523822462554e-05 5.916488014710897207e+08 9.479207364257362656e+01
4.790314700048665166e-05 5.916048771270312071e+08 9.403383948414393956e+01
4.838507897034398858e-05 5.915609662702044249e+08 9.327589441393406844e+01
4.887185944052151718e-05 5.915170676098827124e+08 9.251821610335863966e+01
4.936353718959548810e-05 5.914731797276606560e+08 9.176078002700222669e+01
4.986016148688150485e-05 5.914293010656703711e+08 9.100355926009503094e+01
5.036178209737151977e-05 5.913854299140689373e+08 9.024652426348400525e+01
5.086844928672058802e-05 5.913415643979090452e+08 8.948964265807842366e+01
5.138021382628384727e-05 5.912977024637155533e+08 8.873287899430403058e+01
5.189712699820427192e-05 5.912538418662015200e+08 8.797619452408250140e+01
5.241924060055124928e-05 5.912099801552261114e+08 8.721954697707303694e+01
5.294660695251117037e-05 5.911661146627378464e+08 8.646289033677618363e+01
5.347927889963035382e-05 5.911222424909292459e+08 8.570617463762319233e+01
5.401730981911015373e-05 5.910783605004090071e+08 8.494934576246501479e+01
5.456075362515593210e-05 5.910344653006627560e+08 8.419234527962110803e+01
5.510966477437971274e-05 5.909905532407739162e+08 8.343511028449763955e+01
5.566409827125674728e-05 5.909466204020022154e+08 8.267757327329826467e+01
5.622410967363753793e-05 5.909026625920659304e+08 8.191966204618493919e+01
5.678975509831529024e-05 5.908586753413985968e+08 8.116129964453010359e+01
5.736109122664875495e-05 5.908146539009652138e+08 8.040240431507498897e+01
5.793817531024228864e-05 5.907705932425009012e+08 7.964288951588795840e+01
5.852106517668301792e-05 5.907264880610303879e+08 7.888266396164021899e+01
5.910981923533519536e-05 5.906823327791093588e+08 7.812163169853869249e+01
5.970449648319332587e-05 5.906381215541067123e+08 7.735969223166260633e+01
6.030515651079422626e-05 5.905938482869902849e+08 7.659674067815586795e+01
6.091185950818825520e-05 5.905495066341331005e+08 7.583266797242008295e+01
6.152466627097058082e-05 5.905050900211184025e+08 7.506736110566698983e+01
6.214363820637348206e-05 5.904605916586306095e+08 7.430070340132139961e+01
6.276883733941989406e-05 5.904160045609707832e+08 7.353257483554058638e+01
6.340032631913837340e-05 5.903713215666098595e+08 7.276285239269731164e+01
6.403816842484107597e-05 5.903265353609597683e+08 7.199141045893912860e+01
6.468242757246505216e-05 5.902816385017817020e+08 7.121812126100661544e+01
6.533316832097654781e-05 5.902366234464483261e+08 7.044285533679899913e+01
6.599045587884045207e-05 5.901914825822560787e+08 6.966548205827437812e+01
6.665435611055486528e-05 5.901462082594257593e+08 6.888587020042345443e+01
6.732493554325070530e-05 5.901007928269952536e+08 6.810388855978695233e+01
6.800226137335835827e-05 5.900552286725369692e+08 6.731940663857194806e+01
6.868640147334142791e-05 5.900095082655628920e+08 6.653229539193483788e+01
6.937742439849752917e-05 5.899636242057837248e+08 6.574242805849252136e+01
7.007539939382828110e-05 5.899175692761062384e+08 6.494968107200998020e+01
7.078039640097813295e-05 5.898713365014840364e+08 6.415393507341337909e+01
7.149248606524298587e-05 5.898249192140581608e+08 6.335507603056650083e+01
7.221173974264900311e-05 5.897783111249580383e+08 6.255299647212580538e+01
7.293822950710315367e-05 5.897315064029723406e+08 6.174759683900548168e+01
7.367202815761576069e-05 5.896844997608736753e+08 6.093878696686496710e+01
7.441320922559495940e-05 5.896372865483770370e+08 6.012648768197529137e+01
7.516184698221517902e-05 5.895898628524122238e+08 5.931063252210599046e+01
7.591801644585994679e-05 5.895422256031831503e+08 5.849116955604955592e+01
7.668179338963868866e-05 5.894943726856222153e+08 5.766806329500694517e+01
7.745325434897987150e-05 5.894463030545866489e+08 5.684129666730077446e+01
7.823247662930074412e-05 5.893980168521448374e+08 5.601087302797544254e+01
7.901953831375320284e-05 5.893495155251597166e+08 5.517681817240686115e+01
7.981451827104854633e-05 5.893008019406663179e+08 5.433918231086882145e+01
8.061749616336090290e-05 5.892518804968271255e+08 5.349804196595621164e+01
8.142855245430941145e-05 5.892027572266476154e+08 5.265350174447117126e+01
8.224776841702128400e-05 5.891534398921790123e+08 5.180569594474764017e+01
8.307522614227641369e-05 5.902723627066808939e+08 7.105836525234431633e+01
8.391100854673272879e-05 5.942788126734942198e+08 1.402946489896286266e+02
8.475519938123526062e-05 5.945348543205958605e+08 1.447352790961814719e+02
8.560788323920873579e-05 5.946161005901526213e+08 1.461447646070050155e+02
8.646914556513422107e-05 5.943573902505899668e+08 1.416572471069146104e+02
8.733907266311093250e-05 5.947420199435074329e+08 1.483296332126599850e+02
8.821775170550482119e-05 5.947104785791100264e+08 1.477823050739699795e+02
8.910527074168394959e-05 5.956279896761885881e+08 1.637154678159265018e+02
9.000171870684110537e-05 5.957866640604155064e+08 1.664734404745611300e+02
9.090718543090599746e-05 5.950658096958875656e+08 1.539499412582424043e+02
9.182176164754698013e-05 5.919570037007381916e+08 1.001139289211588306e+02
9.274553900326273871e-05 5.909214736947691441e+08 8.224399218452722948e+01
9.367861006656603767e-05 5.912806562002881765e+08 8.843878962894233098e+01
9.462106833725999176e-05 5.920923845242704153e+08 1.024524816508660194e+02
9.557300825580683317e-05 5.932118000971297026e+08 1.218096291550011046e+02
9.653452521279174965e-05 5.942490905085057020e+08 1.397792898051249040e+02
9.750571555848176655e-05 5.947076259995263815e+08 1.477328065200017591e+02
9.848667661248037739e-05 5.952791865885611773e+08 1.576553867968381155e+02
9.947750667347967138e-05 5.954647448976954222e+08 1.608788222688085057e+02
1.004783050291107709e-04 5.955677361178485155e+08 1.626683729657826234e+02
1.014891719658928774e-04 5.955027347548539639e+08 1.615388888739242930e+02
1.025102087792825240e-04 5.955494675332877636e+08 1.623509198495860062e+02
1.035415177838240939e-04 5.948307425951898098e+08 1.498693672924308942e+02
1.045832023234028889e-04 5.933449049231597185e+08 1.241137353806763741e+02
1.056353667816000471e-04 5.924385041943750381e+08 1.084337442339516713e+02
1.066981165921528844e-04 5.922895463575760126e+08 1.058591889290117649e+02
1.077715582495204311e-04 5.914806613622832298e+08 9.188989734344686156e+01
1.088557993195540683e-04 5.922942749803607464e+08 1.059409074814405756e+02
1.099509484502767204e-04 5.933329317071462870e+08 1.239064523038491927e+02
1.110571153827704402e-04 5.943261883364844322e+08 1.411161593622770738e+02
1.121744109621725230e-04 5.955232181070545912e+08 1.618948007296899334e+02
1.133029471487832118e-04 5.955781734657311440e+08 1.628497470865486605e+02
1.144428370292851978e-04 5.956406248785138130e+08 1.639350575829634522e+02
1.155941948280749969e-04 5.959157087185510397e+08 1.687169505949352128e+02
1.167571359187092916e-04 5.958854212648998499e+08 1.681903434431957294e+02
1.179317768354664302e-04 5.959060265582081079e+08 1.685486042198327823e+02
1.191182352850232967e-04 5.957700736908844709e+08 1.661850433116300394e+02
1.203166301582505638e-04 5.950346142618099451e+08 1.534083210741040091e+02
1.215270815421265975e-04 5.941852745763747692e+08 1.386728583445608081e+02
1.227497107317707321e-04 5.936808687300310135e+08 1.299317236327235037e+02
1.239846402425976238e-04 5.928233138624217510e+08 1.150877085358750378e+02
1.252319938225942685e-04 5.921538611268855333e+08 1.035145979489465731e+02
1.264918964647207403e-04 5.908818129822745323e+08 8.156019721288026858e+01
1.277644744194345017e-04 5.908883528210294247e+08 8.167294817589485945e+01
1.290498552073420944e-04 5.924647866736844778e+08 1.088880721621169130e+02
1.303481676319776818e-04 5.932534065681033134e+08 1.225298009114396791e+02
1.316595417927094456e-04 5.938514120371297598e+08 1.328863345740857653e+02
1.329841090977765478e-04 5.947891589828088284e+08 1.491476773840929297e+02
1.343220022774576879e-04 5.953900354174581766e+08 1.595808819698359855e+02
1.356733553973706312e-04 5.957765683737853765e+08 1.662979420779603856e+02
1.370383038719069375e-04 5.958043770823096037e+08 1.667813620260070024e+02
1.384169844778016726e-04 5.959471132069922686e+08 1.692630078653205032e+02
1.398095353678386460e-04 5.959619288383511305e+08 1.695206301784220955e+02
1.412160960846944792e-04 5.958269972080702782e+08 1.671746015319315006e+02
1.426368075749220225e-04 5.957135592880821228e+08 1.652026906614428583e+02
1.440718122030740396e-04 5.954255705671993494e+08 1.601982197626815037e+02
1.455212537659684080e-04 5.950484206099352837e+08 1.536480256261839372e+02
1.469852775070980061e-04 5.945421435988866091e+08 1.448617278945192766e+02
1.484640301311855853e-04 5.937490139134064913e+08 1.311122164150870901e+02
1.499576598188834102e-04 5.933228187314720154e+08 1.237313773952908775e+02
1.514663162416225999e-04 5.923667398453434706e+08 1.071933037979746217e+02
1.529901505766114930e-04 5.918694447557592392e+08 9.860173058459209017e+01
1.545293155219835783e-04 5.917400119299482107e+08 9.636675359198302715e+01
1.560839653120996802e-04 5.924651724531663656e+08 1.088947410283010271e+02
1.576542557330033148e-04 5.914720549932811260e+08 9.174136961262330203e+01
1.592403441380307893e-04 5.909120900221651793e+08 8.208220304546797763e+01
1.608423894635792686e-04 5.925716276958321333e+08 1.107351701171387361e+02
1.624605522450340580e-04 5.943799644707082510e+08 1.420487354752358726e+02
1.640949946328538805e-04 5.947963450718803406e+08 1.492723894451896740e+02
1.657458804088202760e-04 5.949071374892840385e+08 1.511953437702232748e+02
1.674133750024500093e-04 5.954548682163771391e+08 1.607072236902048132e+02
1.690976455075709768e-04 5.954152784391208887e+08 1.600194149914999286e+02
1.707988606990669498e-04 5.957417853331265450e+08 1.656933137673899523e+02
1.725171910497899088e-04 5.955711910276894569e+08 1.627284100143206729e+02
1.742528087476425704e-04 5.955237790964968204e+08 1.619045484662586887e+02
1.760058877128318924e-04 5.955171584563639164e+08 1.617895089971732716e+02
1.777766036152977870e-04 5.954556714345879555e+08 1.607211787879480767e+02
1.795651338923168769e-04 5.954688721348009109e+08 1.609505301964027240e+02
1.813716577662815958e-04 5.950532142345666885e+08 1.537312533989005772e+02
1.831963562626600782e-04 5.949459068379079103e+08 1.518683235689698847e+02
1.850394122281366779e-04 5.946387293658490181e+08 1.465373699258783802e+02
1.869010103489332768e-04 5.939254630563745499e+08 1.341695102065282867e+02
1.887813371693165354e-04 5.933298238411836624e+08 1.238526488953625346e+02
1.906805811102916246e-04 5.930921818436923027e+08 1.197394227755636109e+02
1.925989324884816553e-04 5.930209409598755836e+08 1.185066710843826314e+02
1.945365835351997163e-04 5.922966242135412693e+08 1.059815064233781499e+02
1.964937284157120836e-04 5.915807237295510769e+08 9.361692085453782397e+01
1.984705632486936054e-04 5.907672965327628851e+08 7.958606332293504693e+01
2.004672861258807097e-04 5.898588658094772100e+08 6.393930357929406938e+01
2.024840971319218986e-04 5.893068945703058243e+08 5.444394201161549773e+01
2.045211983644271137e-04 5.888863574890122414e+08 4.721556119428528575e+01
2.065787939542189518e-04 5.890450045928452015e+08 4.994185295245322465e+01
2.086570900857881179e-04 5.897079691629511118e+08 6.134260022436279058e+01
2.107562950179551196e-04 5.908194294413622618e+08 8.048472817594738160e+01
2.128766191047380696e-04 5.925919357114732265e+08 1.110862985335106288e+02
2.150182748164319337e-04 5.937034350730935335e+08 1.303226299484934430e+02
2.171814767609003371e-04 5.943954866035609245e+08 1.423179332228067153e+02
2.193664417050791154e-04 5.948583295485135317e+08 1.503481708955664260e+02
2.215733885966984947e-04 5.949875306036086082e+08 1.525909007363121930e+02
2.238025385862239824e-04 5.954193944385612011e+08 1.600909217309750261e+02
2.260541150490153731e-04 5.956856750266449451e+08 1.647180312394192185e+02
2.283283436077113214e-04 5.957543694669320583e+08 1.659120577777551659e+02
2.306254521548388881e-04 5.956715790489788055e+08 1.644730361306241377e+02
2.329456708756484098e-04 5.957814829016746283e+08 1.663833734157105653e+02
2.352892322711802521e-04 5.957424712877109051e+08 1.657052372704821437e+02
2.376563711815636647e-04 5.957026141558054686e+08 1.650124494059603819e+02
2.400473248095479246e-04 5.953769654997628927e+08 1.593538328404428910e+02
2.424623327442721691e-04 5.953216168358018398e+08 1.583923773671363904e+02
2.449016369852743740e-04 5.948284383623578548e+08 1.498293756612619916e+02
2.473654819667408101e-04 5.944045731789252758e+08 1.424755234380551485e+02
2.498541145819994707e-04 5.941696719005147219e+08 1.384023594703275535e+02
2.523677842082608608e-04 5.940016909069401026e+08 1.354905736687062188e+02
2.549067427316076100e-04 5.942738161746852398e+08 1.402080117907003682e+02
2.574712445722342116e-04 5.945820487023786306e+08 1.455539984398849356e+02
2.600615467099422532e-04 5.945390861833517551e+08 1.448086900105347183e+02
2.626779087098917364e-04 5.935670571685185432e+08 1.279604450703567409e+02
2.653205927486100026e-04 5.925750154748184681e+08 1.107937444509746854e+02
2.679898636402643910e-04 5.918242459483470917e+08 9.782120614496309940e+01
2.706859888631987917e-04 5.910051846858781576e+08 8.368741381648973743e+01
2.734092385867356654e-04 5.903374306571173668e+08 7.217907643675221152e+01
2.761598856982491138e-04 5.899125127500127554e+08 6.486264647649669257e+01
2.789382058305104641e-04 5.891228085098266602e+08 5.127915285550358959e+01
2.817444773893080481e-04 5.885949544979810715e+08 4.220982191722055177e+01
2.845789815813451343e-04 5.882840408944801092e+08 3.687166011281299660e+01
2.874420024424190461e-04 5.880893967501919270e+08 3.353119646504273277e+01
2.903338268658834753e-04 5.881304687042497396e+08 3.423597727922643941e+01
2.932547446313961024e-04 5.884049545449218750e+08 3.894732492164492044e+01
2.962050484339578678e-04 5.889672903726810217e+08 4.860627108548549558e+01
2.991850339132419412e-04 5.895930518611152172e+08 5.936549268337617491e+01
3.021949996832188419e-04 5.903778674955403805e+08 7.287561085358595392e+01
3.052352473620797675e-04 5.910367856537610292e+08 8.423235982903884178e+01
3.083060816024607359e-04 5.912773993415235281e+08 8.838260188509384818e+01
3.114078101219701399e-04 5.925181764688594341e+08 1.098110484815902907e+02
3.145407437340249214e-04 5.937016045526053905e+08 1.302909201356030167e+02
3.177051963789960130e-04 5.946441596894173622e+08 1.466315873173192870e+02
3.209014851556663017e-04 5.953737741226106882e+08 1.592983933552358167e+02
3.241299303530064259e-04 5.956635331875181198e+08 1.643331976522198659e+02
3.273908554822708462e-04 5.954572252537167072e+08 1.607481748650280906e+02
3.306845873094145689e-04 5.955767825352590084e+08 1.628255761275807458e+02
3.340114558878371897e-04 5.956011133268607855e+08 1.632483937328997001e+02
3.373717945914571316e-04 5.955742668585025072e+08 1.627818599811198226e+02
3.407659401481178112e-04 5.955096410741814375e+08 1.616588893935644933e+02
3.441942326733289865e-04 5.955077270371422768e+08 1.616256319678387285e+02
3.476570157043498439e-04 5.954146026471276283e+08 1.600076745896233774e+02
3.511546362346130686e-04 5.950860289493110180e+08 1.543010063803573928e+02
3.546874447484954247e-04 5.952275137266252041e+08 1.567579279203769147e+02
3.582557952564392918e-04 5.951669799337129593e+08 1.557066706956985342e+02
3.618600453304267849e-04 5.950177975905449390e+08 1.531163590802017325e+02
3.655005561398100332e-04 5.946258025442520380e+08 1.463130899919462991e+02
3.691776924875035302e-04 5.944042304520969391e+08 1.424695794173725290e+02
3.728918228465397978e-04 5.945468546907583475e+08 1.449434531208468684e+02
3.766433193969919466e-04 5.944079601188718081e+08 1.425342644019690965e+02
3.804325580632686031e-04 5.942020660242558718e+08 1.389639745354284912e+02
3.842599185517856539e-04 5.942902510464887619e+08 1.404929883343272650e+02
3.881257843890133382e-04 5.942419011006821394e+08 1.396546349461683008e+02
3.920305429599087220e-04 5.938504339364619255e+08 1.328693868578275783e+02
3.959745855467345808e-04 5.935491415882222652e+08 1.276501718391889710e+02
3.999583073682684326e-04 5.931702916822835207e+08 1.210912049956352803e+02
4.039821076194048655e-04 5.928977353381736279e+08 1.163750714820168355e+02
4.080463895111592371e-04 5.924075754497709274e+08 1.078991251889887479e+02
4.121515603110711729e-04 5.919334239130041599e+08 9.970666907039363025e+01
4.162980313840146948e-04 5.914624871165977716e+08 9.157625082916206338e+01
4.204862182334211064e-04 5.908003453633042574e+08 8.015574845177198426e+01
4.247165405429142527e-04 5.904671389148937464e+08 7.441350178020141470e+01
4.289894222183655305e-04 5.899953251708447933e+08 6.628813512733576374e+01
4.333052914303724959e-04 5.894915073325192928e+08 5.761877918141735933e+01
4.376645806571643213e-04 5.890935850417758226e+08 5.077683685458183049e+01
4.420677267279378452e-04 5.886475452853537798e+08 4.311304661136417593e+01
4.465151708666321799e-04 5.883180949601666927e+08 3.745620625584396635e+01
4.510073587361421513e-04 5.880095348160400391e+08 3.216093363567627250e+01
4.555447404829750680e-04 5.877032858330639601e+08 2.690807024256369573e+01
4.601277707823593329e-04 5.873941726139342785e+08 2.160885375071483594e+01
4.647569088838067919e-04 5.870959887493156195e+08 1.649964414909583255e+01
4.694326186571313162e-04 5.868364042692732811e+08 1.205392516337933628e+01
4.741553686389312055e-04 5.867247915762958527e+08 1.014301827779710763e+01
4.789256320795411050e-04 5.867019438788436651e+08 9.751890540380241390e+00
4.837438869904536537e-04 5.868443734563946724e+08 1.219037851698873354e+01
4.886106161922192104e-04 5.871595562017517090e+08 1.758861843259845870e+01
4.935263073628288642e-04 5.875140615389504433e+08 2.366381298591086590e+01
4.984914530865821366e-04 5.877471272129542828e+08 2.765988132841776093e+01
5.035065509034459359e-04 5.881270877089487314e+08 3.417795868643202084e+01
5.085721033589137626e-04 5.882687253958660364e+08 3.660877696461167830e+01
5.136886180543629972e-04 5.885014258648039103e+08 4.060370628408990967e+01
5.188566076979181851e-04 5.887223577648359537e+08 4.439805858946566275e+01
5.240765901558304017e-04 5.890750861581410170e+08 5.045887634219311479e+01
5.293490885043698789e-04 5.893570710391815901e+08 5.530674233422208630e+01
5.346746310822405668e-04 5.894423554249663353e+08 5.677340298153250586e+01
5.400537515435240021e-04 5.899476502239872217e+08 6.546745969201865023e+01
5.454869889111559544e-04 5.901467102887804508e+08 6.889451468514221233e+01
5.509748876309380171e-04 5.902666190161834955e+08 7.095944355507343460e+01
5.565179976260949861e-04 5.906176242038733959e+08 7.700645875705549770e+01
5.621168743523832301e-04 5.909131683168820143e+08 8.210079439613053864e+01
5.677720788537481003e-04 5.913822858263627291e+08 9.019227244354978268e+01
5.734841778185444756e-04 5.914809156965172291e+08 9.189428664741345187e+01
5.792537436363242361e-04 5.914751598057603836e+08 9.179495186169828003e+01
5.850813544551927269e-04 5.923087292119940519e+08 1.061907049525084119e+02
5.909675942397419083e-04 5.919061951917635202e+08 9.923640660810289660e+01
5.969130528295690840e-04 5.923672143096394539e+08 1.072015043779741177e+02
6.029183259983817485e-04 5.926030681536675692e+08 1.112787851143911553e+02
6.089840155136973373e-04 5.925613376574699879e+08 1.105572585153259269e+02
6.151107291971456836e-04 5.929598129402467012e+08 1.174490303599768453e+02
6.212990809853770032e-04 5.927321149871878624e+08 1.135103459216849160e+02
6.275496909915792001e-04 5.928113530980923176e+08 1.148808230517492603e+02
6.338631855676209745e-04 5.922809799003452063e+08 1.057111478059645151e+02
6.402401973668154188e-04 5.929970987829000950e+08 1.180941393148820850e+02
6.466813654073138608e-04 5.944751595080425739e+08 1.436997976954093303e+02
6.531873351361414462e-04 5.932992442555174828e+08 1.233232698128257567e+02
6.597587584938764118e-04 5.911766179957371950e+08 8.664406218650339042e+01
6.663962939799759769e-04 5.922354144833375216e+08 1.049237456081371533e+02
6.731006067187637063e-04 5.930083529790054560e+08 1.182888641574284918e+02
6.798723685260793211e-04 5.935727583103771210e+08 1.280591829771183541e+02
6.867122579765994137e-04 5.937396733421053886e+08 1.309503997977166421e+02
6.936209604718336207e-04 5.936736049947735071e+08 1.298059004700388641e+02
7.005991683088075295e-04 5.936787159179565907e+08 1.298944322419671380e+02
7.076475807494357877e-04 5.936878132581462860e+08 1.300520188962213410e+02
7.147669040905907292e-04 5.936861563252618313e+08 1.300233168646016395e+02
7.219578517348796331e-04 5.942258532067340612e+08 1.393763910499920087e+02
7.292211442621331129e-04 5.950810760102550983e+08 1.542150078312483856e+02
7.365575095016087519e-04 5.956781342624866962e+08 1.645869682834228342e+02
7.439676826049269019e-04 5.957444734520360231e+08 1.657400396712893667e+02
7.514524061197376667e-04 5.957099809162904024e+08 1.651404933179790362e+02
7.590124300641275289e-04 5.953437982423042059e+08 1.587776773745275989e+02
7.666485120017767869e-04 5.958226558711094856e+08 1.670991284153531353e+02
7.743614171178737644e-04 5.957142581740778685e+08 1.652148383674126251e+02
7.821519182957890459e-04 5.956226726267503500e+08 1.636230631181400099e+02
7.900207961945232907e-04 5.957978963107291460e+08 1.666686998240229514e+02
7.979688393269378406e-04 5.953690697799608707e+08 1.592166717056364575e+02
8.059968441387657364e-04 5.953082280746326447e+08 1.581598161152066666e+02
8.141056150884199479e-04 5.946330924082502127e+08 1.464395682955318989e+02
8.222959647276091187e-04 5.943114094891526699e+08 1.408598820128561897e+02
8.305687137827574623e-04 5.936471983171504736e+08 1.293484942792969719e+02
8.389246912372473521e-04 5.930605100151402950e+08 1.191913554212548831e+02
8.473647344144898076e-04 5.925880975386015177e+08 1.110199350682440382e+02
8.558896890618298160e-04 5.924398169988794327e+08 1.084564373434775320e+02
8.645004094352937542e-04 5.919317850687899590e+08 9.967836426798176319e+01
8.731977583851938726e-04 5.912629380769805908e+08 8.813311803814129064e+01
8.819826074425910324e-04 5.911694940789011717e+08 8.652118148953272225e+01
8.908558369066255653e-04 5.909248032354209423e+08 8.230139927159898150e+01
8.998183359327314307e-04 5.900987313639469147e+08 6.806839486690238061e+01
9.088710026217363845e-04 5.898773656395286322e+08 6.425770342872755236e+01
9.180147441098531445e-04 5.900589878263300657e+08 6.738412601638097499e+01
9.272504766595830207e-04 5.893484859812109470e+08 5.515911432592444896e+01
9.365791257515340695e-04 5.891124975656121969e+08 5.110191737501177300e+01
9.460016261771555081e-04 5.893373522851396799e+08 5.496766333225409795e+01
9.555189221324114808e-04 5.887100096194860935e+08 4.418595017347770693e+01
9.651319673123978649e-04 5.887033898743026257e+08 4.407224232457674873e+01
9.748417250069063436e-04 5.887364339965773821e+08 4.463985637683062890e+01
9.846491681969520102e-04 5.880974259697194099e+08 3.366897128086857549e+01
9.945552796522746930e-04 5.881591953755657673e+08 3.472894647660954348e+01
1.004561052029817256e-03 5.881907186512138844e+08 3.526993501260622565e+01
1.014667487973195618e-03 5.877899279765028954e+08 2.839390157225931333e+01
1.024875600213172528e-03 5.879291208236120939e+08 3.078138667430514275e+01
1.035186411669138887e-03 5.874614009581755400e+08 2.276113128390608864e+01
1.045600955551614225e-03 5.875126001999952793e+08 2.363876234278551891e+01
1.056120275465785184e-03 5.874656431597509384e+08 2.283384601439011519e+01
1.066745425516079640e-03 5.872208474592424631e+08 1.863871085589387278e+01
1.077477470411794232e-03 5.873008492033683062e+08 2.000953169041929769e+01
1.088317485573786362e-03 5.868772896571239233e+08 1.275400970951893598e+01
1.099266557242238682e-03 5.869729513419933319e+08 1.439222477936662337e+01
1.110325782585506061e-03 5.867490217754603624e+08 1.055782958286151363e+01
1.121496269810058231e-03 5.867949859676827192e+08 1.134476521400763716e+01
1.132779138271532886e-03 5.865761285252908468e+08 7.598341360930240818e+00
1.144175518586900298e-03 5.865299513341720104e+08 6.808054075081479972e+00
1.155686552747755939e-03 5.864109397113152742e+08 4.771548038710668571e+00
1.167313394234760189e-03 5.863939895489151478e+08 4.481533450855464729e+00
1.179057208133222744e-03 5.862899691168836355e+08 2.701943949035953807e+00
1.190919171249848856e-03 5.863214449619586468e+08 3.240401800236914376e+00
1.202900472230668434e-03 5.862206452039626837e+08 1.516120460654385660e+00
1.215002311680142598e-03 5.862317715381233692e+08 1.706433051990181582e+00
1.227225902281470866e-03 5.861682584328411818e+08 6.201090753346383266e-01
1.239572468918114173e-03 5.861944301224143505e+08 1.067733675483793832e+00
1.252043248796533498e-03 5.861533014310036898e+08 3.643026219245824038e-01
1.264639491570164259e-03 5.861645654239107370e+08 5.569477142492855748e-01
1.277362459464643617e-03 5.861426850303889513e+08 1.827365181942788297e-01
1.290213427404293721e-03 5.861409174231654406e+08 1.525064828180502374e-01
1.303193683139872378e-03 5.861408293709650040e+08 1.510005957163835788e-01
1.316304527377617183e-03 5.861374436439639330e+08 9.309735774174487943e-02
1.329547273909588087e-03 5.861325700226291418e+08 9.748503088958138108e-03
1.342923249745313179e-03 5.861376092693347931e+08 9.592990121548083948e-02
1.356433795244763475e-03 5.861375194715427160e+08 9.439416930954713791e-02
1.370080264252669959e-03 5.861347842124665976e+08 4.761557473476241142e-02
1.383864024234185246e-03 5.861379095343842506e+08 1.010650694548154149e-01
1.397786456411909822e-03 5.861373177086473703e+08 9.094359851636646397e-02
1.411848955904304766e-03 5.861370640821740627e+08 8.660605290581280258e-02
1.426052931865488989e-03 5.861436485054519176e+08 1.992141342085380629e-01
1.440399807626443346e-03 5.861402291737028360e+08 1.407359029420431895e-01
1.454891020837643283e-03 5.861386248729717731e+08 1.132988848279863348e-01
1.469528023613116781e-03 5.861578372318416834e+08 4.418767791072362172e-01
1.484312282675954043e-03 5.861537122146229744e+08 3.713280805066165868e-01
1.499245279505288667e-03 5.861578246767245531e+08 4.416620526619832177e-01
1.514328510484747470e-03 5.861555678527433872e+08 4.030643361641281786e-01
1.529563487052395003e-03 5.861899524893025160e+08 9.911495552894669103e-01
1.544951735852196154e-03 5.861557746957144737e+08 4.066018971188443132e-01
1.560494798886994262e-03 5.861751675575244427e+08 7.382765841769263204e-01
1.576194233673023585e-03 5.862206714399800301e+08 1.516569215572454610e+00
1.592051613395989093e-03 5.861802134615724087e+08 8.245781084583736487e-01
1.608068527068709248e-03 5.862004904623285532e+08 1.171388879161697538e+00
1.624246579690344751e-03 5.862863037049516439e+08 2.639241559941023496e+00
1.640587392407225412e-03 5.862160750797338486e+08 1.437950910095092460e+00
1.657092602675307863e-03 5.862026514058178663e+08 1.208349612621316460e+00
1.673763864424252868e-03 5.863638854039467573e+08 3.966476974927513943e+00
1.690602848223162532e-03 5.863501542819947004e+08 3.731557865200789692e+00
1.707611241447981121e-03 5.862404803777078390e+08 1.855397647543190587e+00
1.724790748450583328e-03 5.863168355407947302e+08 3.161546542326025389e+00
1.742143090729557364e-03 5.863975980531796217e+08 4.543273683621064762e+00
1.759670007102714538e-03 5.864237369798363447e+08 4.990512825319251000e+00
1.777373253881329431e-03 5.862279879638172388e+08 1.641715748890695714e+00
1.795254605046129335e-03 5.863796292733165026e+08 4.235837974554174323e+00
1.813315852425063717e-03 5.866590543845405579e+08 9.017710165136429978e+00
1.831558805872858520e-03 5.863585914922528267e+08 3.875905354200252617e+00
1.849985293452367395e-03 5.863124039251641035e+08 3.085733661102183945e+00
1.868597161617760244e-03 5.867104999199146032e+08 9.898358876362189918e+00
1.887396275399555760e-03 5.866776166977450848e+08 9.335452394218915373e+00
1.906384518591499938e-03 5.863752638233083487e+08 4.161149004563442055e+00
1.925563793939337595e-03 5.862388635419635773e+08 1.827741524447968224e+00
1.944936023331483421e-03 5.867459587519049644e+08 1.050539090051475455e+01
1.964503147991604470e-03 5.867475562861828804e+08 1.053274050668177964e+01
1.984267128673142082e-03 5.865032911352252960e+08 6.351813503026085606e+00
2.004229945855796630e-03 5.862333441633731127e+08 1.733332624103980812e+00
2.024393599943982713e-03 5.869640496989839077e+08 1.423977206468717327e+01
2.044760111467278183e-03 5.868578959473290443e+08 1.242192321495460305e+01
2.065331521282901938e-03 5.864676474184700251e+08 5.741868842925360816e+00
2.086109890780217004e-03 5.862538144095448256e+08 2.083480388477242151e+00
2.107097302087293164e-03 5.869892532560311556e+08 1.467142317047716915e+01
2.128295858279553865e-03 5.870121426607196331e+08 1.506345678646989938e+01
2.149707683590518226e-03 5.865199824723200798e+08 6.637452799357642874e+00
2.171334923624657683e-03 5.862868753054574728e+08 2.649019621295749971e+00
2.193179745572404124e-03 5.866434302021763325e+08 8.750269473232210160e+00
2.215244338427319482e-03 5.872883791009795666e+08 1.979584561117129837e+01
2.237530913205438513e-03 5.865376994720418453e+08 6.940653181074506684e+00
2.260041703166830711e-03 5.863190259043669701e+08 3.199017912798674423e+00
2.282778964039395252e-03 5.864185689822030067e+08 4.902086388207424150e+00
2.305744974244887651e-03 5.874627898360569477e+08 2.278493770464476142e+01
2.328942035127237568e-03 5.867745381345804930e+08 1.099467794957195466e+01
2.352372471183160341e-03 5.863130814843147993e+08 3.097324816844316153e+00
2.376038630295085677e-03 5.866213474684658051e+08 8.372289259795303806e+00
2.399942883966426493e-03 5.868839338340970278e+08 1.286778321705538808e+01
2.424087627559226490e-03 5.874346990434520245e+08 2.230345114744675072e+01
2.448475280534187764e-03 5.864091183734164238e+08 4.740384834405188208e+00
2.473108286693110561e-03 5.866732379554969072e+08 9.260497935381131640e+00
2.497989114423788092e-03 5.864312463034390211e+08 5.119001643594767614e+00
2.523120256947351640e-03 5.871227968980786800e+08 1.695888027690471844e+01
2.548504232568100675e-03 5.870044172719475031e+08 1.493114005496766339e+01
2.574143584925863912e-03 5.864471133857920170e+08 5.390501901606480573e+00
2.600040883250883967e-03 5.866465398056885004e+08 8.803496299772223921e+00
2.626198722621268106e-03 5.867105254380046129e+08 9.898795716190775806e+00
2.652619724223037167e-03 5.872024002366356850e+08 1.832264627847365546e+01
2.679306535612780045e-03 5.867989894487136602e+08 1.141331022398557060e+01
2.706261830982965334e-03 5.865389531221832037e+08 6.962107905601643942e+00
2.733488311429897559e-03 5.869164004705184698e+08 1.342375368574913885e+01
2.760988705224400389e-03 5.868234051496667862e+08 1.183135016946416762e+01
2.788765768085199950e-03 5.870699212450363636e+08 1.605311571603202836e+01
2.816822283455062883e-03 5.867025550191972256e+08 9.762352400465481139e+00
2.845161062779721223e-03 5.873867271074738503e+08 2.148124768493235592e+01
2.873784945789596701e-03 5.868743940074052811e+08 1.270442560771039631e+01
2.902696800784354807e-03 5.867633624322754145e+08 1.080334395337903786e+01
2.931899524920335027e-03 5.868991287473962307e+08 1.312798259999378736e+01
2.961396044500860282e-03 5.874930819431749582e+08 2.330418140631601887e+01
2.991189315269468952e-03 5.872042400671440363e+08 1.835416847786012795e+01
3.021282322706105462e-03 5.871882878028172255e+08 1.808085829416683765e+01
3.051678082326284621e-03 5.870258096003270149e+08 1.529754179926678503e+01
3.082379639983257036e-03 5.874548995212551355e+08 2.264969247031906008e+01
3.113390072173236739e-03 5.875125082547622919e+08 2.363718619635783114e+01
3.144712486343674562e-03 5.875959841545563936e+08 2.506825090384849375e+01
3.176350021204654012e-03 5.869999238101378679e+08 1.485417901011889796e+01
3.208305847043400969e-03 5.872373491086832285e+08 1.892144946514289217e+01
3.240583166041975747e-03 5.877644085429598093e+08 2.795624451544583877e+01
3.273185212598150526e-03 5.880390556171003580e+08 3.266742681494761058e+01
3.306115253649508610e-03 5.878563491096099615e+08 2.953310989863896907e+01
3.339376589000824045e-03 5.874732715950262547e+08 2.296460482193231201e+01
3.372972551654723761e-03 5.875368813289779425e+08 2.405500369967717234e+01
3.406906508145664345e-03 5.876769529913823605e+08 2.645653015759038951e+01
3.441181858877290223e-03 5.878561130937786102e+08 2.952906169403618719e+01
3.475802038463178447e-03 5.880641544278626442e+08 3.309807118797751713e+01
3.510770516070997865e-03 5.878698624245963097e+08 2.976489648416718481e+01
3.546090795770155072e-03 5.880190736907299757e+08 3.232459087756135574e+01
3.581766416882921095e-03 5.873101560948163271e+08 2.016901634845767433e+01
3.617800954339084763e-03 5.880883385766699314e+08 3.351303921635734895e+01
3.654198019034199125e-03 5.880824475350153446e+08 3.341195515581798503e+01
3.690961258191409640e-03 5.884341892218848467e+08 3.944924619387696652e+01
3.728094355726924852e-03 5.880672916909462214e+08 3.315190151255235662e+01
3.765601032619178556e-03 5.879947377888485193e+08 3.190706820340359329e+01
3.803485047281690394e-03 5.879735622483098507e+08 3.154378081834602199e+01
3.841750195939683428e-03 5.885421275127321482e+08 4.130262186744611341e+01
3.880400313010490786e-03 5.879236343781088591e+08 3.068727051236758641e+01
3.919439271487791705e-03 5.883247289164304733e+08 3.757008363197306267e+01
3.958870983329711678e-03 5.882170131366786957e+08 3.572121153972371843e+01
3.998699399850814441e-03 5.886639047055516243e+08 4.339402924112889082e+01
4.038928512118067360e-03 5.879239259631294012e+08 3.069227242877344253e+01
4.079562351350764574e-03 5.883631950874769688e+08 3.823041275593057975e+01
4.120604989324471237e-03 5.883713862248523235e+08 3.837103140573042026e+01
4.162060538779057371e-03 5.880476889418612719e+08 3.281555497581580028e+01
4.203933153830817851e-03 5.884141028494262695e+08 3.910438669692900504e+01
4.246227030388730582e-03 5.888353455852286816e+08 4.633909653814500018e+01
4.288946406574930051e-03 5.889030594010659456e+08 4.750254278439236799e+01
4.332095563149385847e-03 5.889407804525777102e+08 4.815071692867723385e+01
4.375678823938859013e-03 5.884590950221755505e+08 3.987686597160450219e+01
4.419700556270189130e-03 5.887132027791169882e+08 4.424079976796175373e+01
4.464165171407919082e-03 5.879418968742718697e+08 3.100055435352697941e+01
4.509077124996336422e-03 5.875518775779682398e+08 2.431208679002346429e+01
4.554440917505959106e-03 5.876372099095528126e+08 2.577507747115486580e+01
4.600261094684508084e-03 5.884186536795095205e+08 3.918251808968772565e+01
4.646542248012426601e-03 5.888578072096565962e+08 4.672501318158259664e+01
4.693289015162966163e-03 5.885097687519917488e+08 4.074696371615958412e+01
4.740506080466926758e-03 5.883963323461848497e+08 3.879929777732123597e+01
4.788198175382045278e-03 5.890675183626254797e+08 5.032880325511455766e+01
4.836370078967117993e-03 5.889199685133970976e+08 4.779309289680293915e+01
4.885026618360906528e-03 5.890764799752390385e+08 5.048283305078126659e+01
4.934172669265834282e-03 5.887566167547637224e+08 4.498656054832255080e+01
4.983813156436567825e-03 5.861235349479740858e+08 -1.447678488290429222e-01
