# wavelengths_cm Transit_radius_cm depth_ppm
6.030515651079422626e-05 5.878149069164202213e+08 2.882230759168768941e+01
6.091185950818825520e-05 5.877953018214120865e+08 2.848606517573968944e+01
6.152466627097058082e-05 5.877760500031303167e+08 2.815589264000781355e+01
6.214363820637348206e-05 5.877571482790641785e+08 2.783173481111145264e+01
6.276883733941989406e-05 5.877386032861814499e+08 2.751370492602310946e+01
6.340032631913837340e-05 5.877204183195947409e+08 2.720185891122774891e+01
6.403816842484107597e-05 5.877025902727464437e+08 2.689614292308849031e+01
6.468242757246505216e-05 5.876851175224212408e+08 2.659652857091107592e+01
6.533316832097654781e-05 5.876680144739564657e+08 2.630326231625131683e+01
6.599045587884045207e-05 5.876512850360059738e+08 2.601641062450361375e+01
6.665435611055486528e-05 5.876349283721394539e+08 2.573595860729570717e+01
6.732493554325070530e-05 5.876189473874963522e+08 2.546195554049651122e+01
6.800226137335835827e-05 5.876033446561350822e+08 2.519444503050838335e+01
6.868640147334142791e-05 5.875881151114150286e+08 2.493333969603321165e+01
6.937742439849752917e-05 5.875732567052297592e+08 2.467860392684143278e+01
7.007539939382828110e-05 5.875587678753868341e+08 2.443021045865907581e+01
7.078039640097813295e-05 5.875446496730755568e+08 2.418817684348576336e+01
7.149248606524298587e-05 5.875308955727372169e+08 2.395239075717054433e+01
7.221173974264900311e-05 5.875174859784927368e+08 2.372251584144202496e+01
7.293822950710315367e-05 5.875044490792813301e+08 2.349903490656140193e+01
7.367202815761576069e-05 5.874917759123396873e+08 2.328179389089306639e+01
7.441320922559495940e-05 5.874794543751568794e+08 2.307058493859342008e+01
7.516184698221517902e-05 5.874674816947153807e+08 2.286536013835284109e+01
7.591801644585994679e-05 5.874558514828057289e+08 2.266600962697311061e+01
7.668179338963868866e-05 5.874445547441073656e+08 2.247237887379771948e+01
7.745325434897987150e-05 5.874335828915362358e+08 2.228432036708189301e+01
7.823247662930074412e-05 5.874229970882295370e+08 2.210288210755535232e+01
7.901953831375320284e-05 5.874126336525969505e+08 2.192525834667693374e+01
7.981451827104854633e-05 5.874025864846419096e+08 2.175305823686797169e+01
8.061749616336090290e-05 5.873928752129592896e+08 2.158661790934297287e+01
8.142855245430941145e-05 5.873834688041812181e+08 2.142540521428127320e+01
8.224776841702128400e-05 5.873743577201240063e+08 2.126925643337611405e+01
8.307522614227641369e-05 5.873655461624387503e+08 2.111824333875277304e+01
8.391100854673272879e-05 5.873570246077533960e+08 2.097220249075818543e+01
8.475519938123526062e-05 5.873487772647182941e+08 2.083086304956489698e+01
8.560788323920873579e-05 5.873407844992523193e+08 2.069388834366040442e+01
8.646914556513422107e-05 5.873330523562467098e+08 2.056138178619479717e+01
8.733907266311093250e-05 5.873258420620102882e+08 2.043781977840717801e+01
8.821775170550482119e-05 5.873183256184988022e+08 2.030901293952959108e+01
8.910527074168394959e-05 5.873113241284064054e+08 2.018903217221241775e+01
9.000171870684110537e-05 5.873045494502620697e+08 2.007293952073271015e+01
9.090718543090599746e-05 5.872980045880253315e+08 1.996078632635628480e+01
9.182176164754698013e-05 5.872917141500275135e+08 1.985299414054764355e+01
9.274553900326273871e-05 5.872856752153311968e+08 1.974951277116749537e+01
9.367861006656603767e-05 5.872798332035753727e+08 1.964940682668097338e+01
9.462106833725999176e-05 5.872741203721919060e+08 1.955151541884924171e+01
9.557300825580683317e-05 5.872685773239642382e+08 1.945653421630461466e+01
9.653452521279174965e-05 5.872632423571064472e+08 1.936511937488925383e+01
9.750571555848176655e-05 5.872581429194166660e+08 1.927774111017005509e+01
9.848667661248037739e-05 5.872532311917837858e+08 1.919357995254941329e+01
9.947750667347967138e-05 5.872484832708266973e+08 1.911222624820779359e+01
1.004783050291107709e-04 5.872438908149384260e+08 1.903353700070353938e+01
1.014891719658928774e-04 5.872394741637816429e+08 1.895786065266771203e+01
1.025102087792825240e-04 5.872352740389616489e+08 1.888589486582298349e+01
1.035415177838240939e-04 5.872319739770824909e+08 1.882935130025454029e+01
1.045832023234028889e-04 5.872287610071424246e+08 1.877430028131857043e+01
1.056353667816000471e-04 5.872246513345537186e+08 1.870388560046735904e+01
1.066981165921528844e-04 5.872204921044030190e+08 1.863262230751087856e+01
1.077715582495204311e-04 5.872165629260015488e+08 1.856530113196753362e+01
1.088557993195540683e-04 5.872131830855575800e+08 1.850739248223436562e+01
1.099509484502767204e-04 5.872099165363193750e+08 1.845142522925370798e+01
1.110571153827704402e-04 5.872067879469878674e+08 1.839782199711112654e+01
1.121744109621725230e-04 5.872036886057693958e+08 1.834472016487905677e+01
1.133029471487832118e-04 5.872008900732182264e+08 1.829677240783880166e+01
1.144428370292851978e-04 5.871978674765596390e+08 1.824498597719778203e+01
1.155941948280749969e-04 5.871951786585444212e+08 1.819891843124119291e+01
1.167571359187092916e-04 5.871925648841574192e+08 1.815413681071650132e+01
1.179317768354664302e-04 5.871900978347147703e+08 1.811186920164712433e+01
1.191182352850232967e-04 5.871876925691361427e+08 1.807066029774889770e+01
1.203166301582505638e-04 5.872182208219594955e+08 1.859370688949807260e+01
1.215270815421265975e-04 5.872035059170598984e+08 1.834159011968321806e+01
1.227497107317707321e-04 5.871933362218065262e+08 1.816735206597485686e+01
1.239846402425976238e-04 5.871789977603497505e+08 1.792169539497994180e+01
1.252319938225942685e-04 5.871769292189857960e+08 1.788625617526159317e+01
1.264918964647207403e-04 5.871755472559196949e+08 1.786257980615807739e+01
1.277644744194345017e-04 5.871734745112041235e+08 1.782706878145756590e+01
1.290498552073420944e-04 5.871753288437880278e+08 1.785883788329140032e+01
1.303481676319776818e-04 5.871700741666104794e+08 1.776881309893713023e+01
1.316595417927094456e-04 5.871796835114747286e+08 1.793344403206750926e+01
1.329841090977765478e-04 5.871668903975495100e+08 1.771426815660908005e+01
1.343220022774576879e-04 5.871700156483594179e+08 1.776781055036605750e+01
1.356733553973706312e-04 5.871637848785383701e+08 1.766106409408728339e+01
1.370383038719069375e-04 5.871630606457506418e+08 1.764865650594568436e+01
1.384169844778016726e-04 5.871615353827674389e+08 1.762252568313156331e+01
1.398095353678386460e-04 5.871601139579404593e+08 1.759817387789968279e+01
1.412160960846944792e-04 5.871586101427868605e+08 1.757241062837063694e+01
1.426368075749220225e-04 5.872563584898073673e+08 1.924716529800923226e+01
1.440718122030740396e-04 5.873122493532885313e+08 2.020488717101839171e+01
1.455212537659684080e-04 5.871582116131707430e+08 1.756558305964508548e+01
1.469852775070980061e-04 5.871541241839221716e+08 1.749555790625556639e+01
1.484640301311855853e-04 5.871532621911936998e+08 1.748079045342570481e+01
1.499576598188834102e-04 5.871566832717354298e+08 1.753939971305868895e+01
1.514663162416225999e-04 5.871513532924557924e+08 1.744808773492012932e+01
1.529901505766114930e-04 5.871776819987664223e+08 1.789915313667616203e+01
1.545293155219835783e-04 5.871707881073677540e+08 1.778104450955058979e+01
1.560839653120996802e-04 5.871520959243409634e+08 1.746081028373493638e+01
1.576542557330033148e-04 5.873046363663692474e+08 2.007442892933387668e+01
1.592403441380307893e-04 5.871641164393298626e+08 1.766674441333489654e+01
1.608423894635792686e-04 5.872939601788051128e+08 1.989148168589571242e+01
1.624605522450340580e-04 5.871512076041669846e+08 1.744559184832999676e+01
1.640949946328538805e-04 5.871764453820677996e+08 1.787796687253161565e+01
1.657458804088202760e-04 5.871567983625756502e+08 1.754137143198413185e+01
1.674133750024500093e-04 5.871442712693746090e+08 1.732676142805524933e+01
1.690976455075709768e-04 5.871432456923367977e+08 1.730919178533027392e+01
1.707988606990669498e-04 5.871427297386504412e+08 1.730035275159785968e+01
1.725171910497899088e-04 5.871424203220527172e+08 1.729505200097846540e+01
1.742528087476425704e-04 5.871421422062109709e+08 1.729028747963935686e+01
1.760058877128318924e-04 5.871415961014003754e+08 1.728093193131403638e+01
1.777766036152977870e-04 5.871406991725242138e+08 1.726556628909550994e+01
1.795651338923168769e-04 5.871400858388148546e+08 1.725505904100847943e+01
1.813716577662815958e-04 5.871400372907385826e+08 1.725422734631098720e+01
1.831963562626600782e-04 5.871402678812987804e+08 1.725817767741969533e+01
1.850394122281366779e-04 5.871400980569573641e+08 1.725526835444876994e+01
1.869010103489332768e-04 5.871521115648635626e+08 1.746107823269450421e+01
1.887813371693165354e-04 5.871824330426143408e+08 1.798055053593030905e+01
1.906805811102916246e-04 5.871392724919844866e+08 1.724112531062068143e+01
1.925989324884816553e-04 5.871384560575271845e+08 1.722713870442088435e+01
1.945365835351997163e-04 5.874197485591187477e+08 2.204720371354634878e+01
1.964937284157120836e-04 5.877962742033156157e+08 2.850274200685363368e+01
1.984705632486936054e-04 5.871684099626704454e+08 1.774030160088141983e+01
2.004672861258807097e-04 5.880973206119593382e+08 3.366716341601660645e+01
2.024840971319218986e-04 5.875892969929716587e+08 2.495360240880832947e+01
2.045211983644271137e-04 5.873655433797606230e+08 2.111819564937740878e+01
2.065787939542189518e-04 5.876707782915580273e+08 2.635065296416846437e+01
2.086570900857881179e-04 5.872546780710651875e+08 1.921837177431402921e+01
2.107562950179551196e-04 5.871460786379750967e+08 1.735772438453922817e+01
2.128766191047380696e-04 5.871477770703142881e+08 1.738682118504614493e+01
2.150182748164319337e-04 5.871545830632449389e+08 1.750341932567715020e+01
2.171814767609003371e-04 5.871517235355787277e+08 1.745443062808922718e+01
2.193664417050791154e-04 5.871406654760190248e+08 1.726498902143652359e+01
2.215733885966984947e-04 5.871335044422643185e+08 1.714231137759533752e+01
2.238025385862239824e-04 5.871303452345451117e+08 1.708819059468697077e+01
2.260541150490153731e-04 5.871296447377067804e+08 1.707619033510543005e+01
2.283283436077113214e-04 5.871296937132698298e+08 1.707702933838259085e+01
2.306254521548388881e-04 5.871301195412073135e+08 1.708432422500962744e+01
2.329456708756484098e-04 5.871303587819590569e+08 1.708842267650910784e+01
2.352892322711802521e-04 5.871300401157033443e+08 1.708296358103367396e+01
2.376563711815636647e-04 5.871297059567712545e+08 1.707723908254375189e+01
2.400473248095479246e-04 5.871296577253241539e+08 1.707641282674255123e+01
2.424623327442721691e-04 5.871297521088509560e+08 1.707802971664152381e+01
2.449016369852743740e-04 5.871299448886264563e+08 1.708133223942836310e+01
2.473654819667408101e-04 5.871311050460146666e+08 1.710120699348812678e+01
2.498541145819994707e-04 5.871324375875618458e+08 1.712403492357266543e+01
2.523677842082608608e-04 5.871317663974994421e+08 1.711253667912479770e+01
2.549067427316076100e-04 5.871316745695111752e+08 1.711096356291076148e+01
2.574712445722342116e-04 5.871328134383735657e+08 1.713047367856136560e+01
2.600615467099422532e-04 5.871380931753014326e+08 1.722092205635520656e+01
2.626779087098917364e-04 5.871423384488240480e+08 1.729364939547468083e+01
2.653205927486100026e-04 5.872520147136434317e+08 1.917273602919363640e+01
2.679898636402643910e-04 5.892131131177812815e+08 5.283153710012850013e+01
2.706859888631987917e-04 5.890944386343431473e+08 5.079150872308837705e+01
2.734092385867356654e-04 5.877774883785424232e+08 2.818056069233635696e+01
2.761598856982491138e-04 5.892131933848989010e+08 5.283291704041621983e+01
2.789382058305104641e-04 5.888846970637334585e+08 4.718703128368741062e+01
2.817444773893080481e-04 5.878262951333105564e+08 2.901762939504943262e+01
2.845789815813451343e-04 5.872481648849816322e+08 1.910677085912091044e+01
2.874420024424190461e-04 5.871478936869236231e+08 1.738881901291581400e+01
2.903338268658834753e-04 5.871313146741460562e+08 1.710479815487596511e+01
2.932547446313961024e-04 5.871304764889061451e+08 1.709043912377780572e+01
2.962050484339578678e-04 5.871611600682016611e+08 1.761609580011921494e+01
2.991850339132419412e-04 5.871863660495427847e+08 1.804793339173755129e+01
3.021949996832188419e-04 5.871537160539005995e+08 1.748856591784034720e+01
3.052352473620797675e-04 5.871316421081548929e+08 1.711040746360401954e+01
3.083060816024607359e-04 5.871311532852082253e+08 1.710203338403218964e+01
3.114078101219701399e-04 5.871405636605200768e+08 1.726324478156381659e+01
3.145407437340249214e-04 5.871377743897782564e+08 1.721546084575906121e+01
3.177051963789960130e-04 5.871357332304804325e+08 1.718049320272028524e+01
3.209014851556663017e-04 5.871317478165730238e+08 1.711221836703855814e+01
3.241299303530064259e-04 5.871317381164500713e+08 1.711205219306972580e+01
3.273908554822708462e-04 5.871318112744373083e+08 1.711330547138638636e+01
3.306845873094145689e-04 5.871319096066334248e+08 1.711499001236240147e+01
3.340114558878371897e-04 5.871320060921397209e+08 1.711664291774225788e+01
3.373717945914571316e-04 5.871326446469241381e+08 1.712758208715114350e+01
3.407659401481178112e-04 5.871321677395749092e+08 1.711941212095454290e+01
3.441942326733289865e-04 5.871323013674360514e+08 1.712170131777798687e+01
3.476570157043498439e-04 5.871324784855015278e+08 1.712473555193417241e+01
3.511546362346130686e-04 5.871328933550623655e+08 1.713184274352600411e+01
3.546874447484954247e-04 5.871341286799004078e+08 1.715300530513756172e+01
3.582557952564392918e-04 5.871335910960584879e+08 1.714379585869430045e+01
3.618600453304267849e-04 5.871346840251426697e+08 1.716251903421140668e+01
3.655005561398100332e-04 5.871402777378846407e+08 1.725834653422656473e+01
3.691776924875035302e-04 5.871477165674624443e+08 1.738578467518652459e+01
3.728918228465397978e-04 5.871464496123387814e+08 1.736407974801296206e+01
3.766433193969919466e-04 5.871545391560785770e+08 1.750266711751462623e+01
3.804325580632686031e-04 5.871677037935731411e+08 1.772820338519949956e+01
3.842599185517856539e-04 5.871884643147356510e+08 1.808388243267337714e+01
3.881257843890133382e-04 5.872239850921361446e+08 1.869247032214209270e+01
3.920305429599087220e-04 5.872805982649918795e+08 1.966251649982925187e+01
3.959745855467345808e-04 5.873725674426670074e+08 2.123857434916945763e+01
3.999583073682684326e-04 5.875087310257945061e+08 2.357243627788043483e+01
4.039821076194048655e-04 5.876870058301240206e+08 2.662890793747330420e+01
4.080463895111592371e-04 5.878644412787810564e+08 2.967190986113035578e+01
4.121515603110711729e-04 5.879902932584493160e+08 3.183081679457705349e+01
4.162980313840146948e-04 5.880573356648982763e+08 3.298107331223973659e+01
4.204862182334211064e-04 5.895812947466219664e+08 5.916323782281827448e+01
4.247165405429142527e-04 5.906821740932631493e+08 7.811889679314214163e+01
4.289894222183655305e-04 5.905474373851467371e+08 7.579701313221491432e+01
4.333052914303724959e-04 5.895504585413477421e+08 5.863278903616214421e+01
4.376645806571643213e-04 5.883242662632716894e+08 3.756214176410216510e+01
4.420677267279378452e-04 5.878889076758025885e+08 3.009157842697047514e+01
4.465151708666321799e-04 5.877829807092988491e+08 2.827475439180222239e+01
4.510073587361421513e-04 5.876458097885085344e+08 2.592253094128786728e+01
4.555447404829750680e-04 5.874844372250258923e+08 2.315599765223595341e+01
4.601277707823593329e-04 5.873423830982283354e+08 2.072128392202841241e+01
4.647569088838067919e-04 5.872401919513151646e+08 1.897015942071726613e+01
4.694326186571313162e-04 5.872447188402899504e+08 1.904772472173435816e+01
4.741553686389312055e-04 5.872522091980237961e+08 1.917606844747231776e+01
4.789256320795411050e-04 5.875512603560798168e+08 2.430150552718469825e+01
4.837438869904536537e-04 5.877522489623477459e+08 2.774771497731366310e+01
4.886106161922192104e-04 5.874112834091727734e+08 2.190211612508845818e+01
4.935263073628288642e-04 5.871519491383938789e+08 1.745829558922484992e+01
4.984914530865821366e-04 5.871365575513695478e+08 1.719461484857181333e+01
5.035065509034459359e-04 5.871400604889230728e+08 1.725462476281223800e+01
5.085721033589137626e-04 5.871656497785422802e+08 1.769301371385430599e+01
5.136886180543629972e-04 5.871702551635985374e+08 1.777191398294436908e+01
5.188566076979181851e-04 5.874077109452140331e+08 2.184088686475797303e+01
5.240765901558304017e-04 5.873200937851656675e+08 2.033931328624041512e+01
5.293490885043698789e-04 5.871638428405939341e+08 1.766205710324772227e+01
5.346746310822405668e-04 5.871422974369544983e+08 1.729294680356663605e+01
5.400537515435240021e-04 5.871603557596900463e+08 1.760231641367321131e+01
5.454869889111559544e-04 5.871359482812600136e+08 1.718417728911649789e+01
5.509748876309380171e-04 5.871366431690790653e+08 1.719608158795163533e+01
5.565179976260949861e-04 5.871376104983028173e+08 1.721265317279714679e+01
5.621168743523832301e-04 5.871381609901597500e+08 1.722208381345429018e+01
5.677720788537481003e-04 5.871382838520014286e+08 1.722418859761869570e+01
5.734841778185444756e-04 5.871385050015263557e+08 1.722797717956055763e+01
5.792537436363242361e-04 5.871389911915388107e+08 1.723630625831976104e+01
5.850813544551927269e-04 5.871395796827013493e+08 1.724638790047922754e+01
5.909675942397419083e-04 5.871399695306557417e+08 1.725306652387719453e+01
5.969130528295690840e-04 5.871401352343456745e+08 1.725590525382721552e+01
6.029183259983817485e-04 5.871399513852107525e+08 1.725275566773362712e+01
6.089840155136973373e-04 5.871398943802771568e+08 1.725177909577665858e+01
6.151107291971456836e-04 5.871398781304836273e+08 1.725150071475489710e+01
6.212990809853770032e-04 5.871399067983853817e+08 1.725199183483398713e+01
6.275496909915792001e-04 5.871402685129283667e+08 1.725818849809888889e+01
6.338631855676209745e-04 5.871409708075366020e+08 1.727021977311442669e+01
6.402401973668154188e-04 5.871417110777456760e+08 1.728290163811540125e+01
6.466813654073138608e-04 5.871421700615155697e+08 1.729076468066457650e+01
6.531873351361414462e-04 5.871422673877747059e+08 1.729243201822516340e+01
6.597587584938764118e-04 5.871419824800770283e+08 1.728755114399865889e+01
6.663962939799759769e-04 5.871415827335636616e+08 1.728070292145997655e+01
6.731006067187637063e-04 5.871411077102792263e+08 1.727256510754317986e+01
6.798723685260793211e-04 5.871405159890241623e+08 1.726242810321619814e+01
6.867122579765994137e-04 5.871400283053652048e+08 1.725407341462837252e+01
6.936209604718336207e-04 5.871396356914590597e+08 1.724734740607398464e+01
7.005991683088075295e-04 5.871392960950250626e+08 1.724152966233116047e+01
7.076475807494357877e-04 5.871390943079781532e+08 1.723807278036487034e+01
7.147669040905907292e-04 5.871391299265806675e+08 1.723868297457291732e+01
7.219578517348796331e-04 5.871392350728409290e+08 1.724048427058603750e+01
7.292211442621331129e-04 5.871394534216929674e+08 1.724422487937066251e+01
7.365575095016087519e-04 5.871397465004681349e+08 1.724924571418951302e+01
7.439676826049269019e-04 5.871400440168144703e+08 1.725434257315092879e+01
7.514524061197376667e-04 5.871402385299950838e+08 1.725767484942960905e+01
7.590124300641275289e-04 5.871404347714918852e+08 1.726103673524145066e+01
7.666485120017767869e-04 5.871404900010960102e+08 1.726198289426171328e+01
7.743614171178737644e-04 5.871403992529811859e+08 1.726042825438834782e+01
7.821519182957890459e-04 5.871402970642578602e+08 1.725867762146071627e+01
7.900207961945232907e-04 5.871401066112987995e+08 1.725541490198331473e+01
7.979688393269378406e-04 5.871398963370927572e+08 1.725181261868544169e+01
8.059968441387657364e-04 5.871397544318894148e+08 1.724938159017068173e+01
8.141056150884199479e-04 5.871397400624829531e+08 1.724913542279111311e+01
8.222959647276091187e-04 5.871397405771759748e+08 1.724914424017810433e+01
8.305687137827574623e-04 5.871399952660175562e+08 1.725350740563215979e+01
8.389246912372473521e-04 5.871403562175847292e+08 1.725969099900978776e+01
8.473647344144898076e-04 5.871407605600963831e+08 1.726661794305002928e+01
8.558896890618298160e-04 5.871412968653358221e+08 1.727580559770032309e+01
8.645004094352937542e-04 5.871418469146248102e+08 1.728522871575171749e+01
8.731977583851938726e-04 5.871422609921193123e+08 1.729232245152244829e+01
8.819826074425910324e-04 5.871425772536232471e+08 1.729774046377538355e+01
8.908558369066255653e-04 5.871428361009807587e+08 1.730217489169004352e+01
8.998183359327314307e-04 5.871427879217249155e+08 1.730134951152212963e+01
9.088710026217363845e-04 5.871463727538571358e+08 1.736276304325617659e+01
9.180147441098531445e-04 5.871843299661791325e+08 1.801304981898723767e+01
9.272504766595830207e-04 5.872262864132201672e+08 1.873190080055766060e+01
9.365791257515340695e-04 5.872002418071544170e+08 1.828566558241202955e+01
9.460016261771555081e-04 5.872054090909056664e+08 1.837419765682314221e+01
9.555189221324114808e-04 5.872002668964486122e+08 1.828609544027230527e+01
9.651319673123978649e-04 5.871742454462612867e+08 1.784027670972019308e+01
9.748417250069063436e-04 5.871524084124184847e+08 1.746616374144590367e+01
9.846491681969520102e-04 5.871454242726746798e+08 1.734651410667520821e+01
9.945552796522746930e-04 5.871432983367186785e+08 1.731009366025530483e+01
1.004561052029817256e-03 5.871456184618784189e+08 1.734984086327086317e+01
1.014667487973195618e-03 5.871673362707796097e+08 1.772190692451389538e+01
1.024875600213172528e-03 5.872032691680071354e+08 1.833753384837505251e+01
1.035186411669138887e-03 5.871835379087939262e+08 1.799947978282255434e+01
1.045600955551614225e-03 5.871774552021051645e+08 1.789526755263897329e+01
1.056120275465785184e-03 5.871875790801064968e+08 1.806871591849779435e+01
1.066745425516079640e-03 5.871751956362123489e+08 1.785655571919841123e+01
1.077477470411794232e-03 5.871546905227264166e+08 1.750526029871813094e+01
1.088317485573786362e-03 5.871475671429954767e+08 1.738322479741368198e+01
1.099266557242238682e-03 5.871433845935696363e+08 1.731157136590004697e+01
1.110325782585506061e-03 5.871396235735489130e+08 1.724713980991379714e+01
1.121496269810058231e-03 5.871372320761480331e+08 1.720617031480338710e+01
1.132779138271532886e-03 5.871358518425103426e+08 1.718252517363752219e+01
1.144175518586900298e-03 5.871346749879302979e+08 1.716236421586790328e+01
1.155686552747755939e-03 5.871352184877455235e+08 1.717167502715943073e+01
1.167313394234760189e-03 5.871339864541894197e+08 1.715056880982864485e+01
1.179057208133222744e-03 5.871341947181842327e+08 1.715413661955468427e+01
1.190919171249848856e-03 5.871348784153430462e+08 1.716584917326854764e+01
1.202900472230668434e-03 5.871415762662564516e+08 1.728059212738918760e+01
1.215002311680142598e-03 5.871448873388646841e+08 1.733731561908058438e+01
1.227225902281470866e-03 5.871616586587339640e+08 1.762463764587478465e+01
1.239572468918114173e-03 5.871790451429837942e+08 1.792250717792548542e+01
1.252043248796533498e-03 5.871814024765136242e+08 1.796289427579101883e+01
1.264639491570164259e-03 5.872816467894601822e+08 1.968048346822604699e+01
1.277362459464643617e-03 5.871895039126480818e+08 1.810169364542828419e+01
1.290213427404293721e-03 5.872235801009359360e+08 1.868553128173967792e+01
1.303193683139872378e-03 5.872854078339833021e+08 1.974493102937501376e+01
1.316304527377617183e-03 5.874162632778363228e+08 2.198746783136676086e+01
1.329547273909588087e-03 5.876100278958957195e+08 2.530902902649848940e+01
1.342923249745313179e-03 5.879311185069845915e+08 3.081565576316332766e+01
1.356433795244763475e-03 5.880728708605774641e+08 3.324763168559471183e+01
1.370080264252669959e-03 5.881136740267796516e+08 3.394778035651917492e+01
1.383864024234185246e-03 5.884779622872886658e+08 4.020081925556007718e+01
1.397786456411909822e-03 5.883263655644212961e+08 3.759817825326182117e+01
1.411848955904304766e-03 5.885826736665718555e+08 4.199891541616480595e+01
1.426052931865488989e-03 5.889649764344661236e+08 4.856650688319592746e+01
1.440399807626443346e-03 5.893292232212159634e+08 5.482788118609136774e+01
1.454891020837643283e-03 5.896943524514025450e+08 6.110830986774101348e+01
1.469528023613116781e-03 5.898616995554239750e+08 6.398807442198962292e+01
1.484312282675954043e-03 5.899163775346738100e+08 6.492916835806782672e+01
1.499245279505288667e-03 5.903001247255566120e+08 7.153651496668200593e+01
1.514328510484747470e-03 5.897896999303616285e+08 6.274898080555569635e+01
1.529563487052395003e-03 5.897784072915368080e+08 6.255465133949304857e+01
1.544951735852196154e-03 5.895607025366690159e+08 5.880900462245601545e+01
1.560494798886994262e-03 5.891668639255291224e+08 5.203645915980333569e+01
1.576194233673023585e-03 5.888018576565179825e+08 4.576376258950593012e+01
1.592051613395989093e-03 5.885151263566088676e+08 4.083896131796838347e+01
1.608068527068709248e-03 5.881382046993327141e+08 3.436872984188605784e+01
1.624246579690344751e-03 5.886177983349899054e+08 4.260214531380273684e+01
1.640587392407225412e-03 5.880867415702570677e+08 3.348563617089442346e+01
1.657092602675307863e-03 5.880397749418797493e+08 3.267976870437975379e+01
1.673763864424252868e-03 5.880166412663556337e+08 3.228285783433923228e+01
1.690602848223162532e-03 5.877314133937648535e+08 2.739040746166563878e+01
1.707611241447981121e-03 5.875084624407188892e+08 2.356783216147243110e+01
1.724790748450583328e-03 5.874202313240534067e+08 2.205547807774288671e+01
1.742143090729557364e-03 5.873074350694525242e+08 2.012238808001347223e+01
1.759670007102714538e-03 5.872361253029099703e+08 1.890048055262961313e+01
1.777373253881329431e-03 5.872061798011121750e+08 1.838740245099185699e+01
1.795254605046129335e-03 5.871904430625902414e+08 1.811778393130945375e+01
1.813315852425063717e-03 5.871740988152803183e+08 1.783776457528106718e+01
1.831558805872858520e-03 5.872768848180552721e+08 1.959888506797258145e+01
1.849985293452367395e-03 5.871622163621311188e+08 1.763419222096360173e+01
1.868597161617760244e-03 5.871662786952956915e+08 1.770378839011848981e+01
1.887396275399555760e-03 5.871702589169137478e+08 1.777197828565435600e+01
1.906384518591499938e-03 5.871620185257811546e+08 1.763080288740379942e+01
1.925563793939337595e-03 5.871590042757574320e+08 1.757916287877139894e+01
1.944936023331483421e-03 5.871540462048221827e+08 1.749422198611285140e+01
1.964503147991604470e-03 5.871552093948302269e+08 1.751414951026808708e+01
1.984267128673142082e-03 5.871517713194638491e+08 1.745524924744406903e+01
2.004229945855796630e-03 5.871518501612290144e+08 1.745659994133718840e+01
2.024393599943982713e-03 5.871520294725117683e+08 1.745967185008483824e+01
2.044760111467278183e-03 5.871522432405112982e+08 1.746333406250801801e+01
2.065331521282901938e-03 5.871523657465411425e+08 1.746543280148611643e+01
2.086109890780217004e-03 5.871525864100499153e+08 1.746921314799660507e+01
2.107097302087293164e-03 5.871527070280478001e+08 1.747127954294437302e+01
2.128295858279553865e-03 5.871534941808004379e+08 1.748476484163560229e+01
2.149707683590518226e-03 5.871532369982469082e+08 1.748035885422581615e+01
2.171334923624657683e-03 5.871535088298118114e+08 1.748501580490506413e+01
2.193179745572404124e-03 5.871537759333977699e+08 1.748959175912690256e+01
2.215244338427319482e-03 5.871540383135379553e+08 1.749408679444290726e+01
2.237530913205438513e-03 5.871543089231359959e+08 1.749872281701228616e+01
2.260041703166830711e-03 5.871545964613963366e+08 1.750364885994608599e+01
2.282778964039395252e-03 5.871548941374140978e+08 1.750874858327642158e+01
2.305744974244887651e-03 5.871552032991120815e+08 1.751404507961714074e+01
2.328942035127237568e-03 5.871555239092625380e+08 1.751953771149957007e+01
2.352372471183160341e-03 5.871558615388016701e+08 1.752532191954208329e+01
2.376038630295085677e-03 5.871562166520129442e+08 1.753140565827433051e+01
2.399942883966426493e-03 5.871565661001821756e+08 1.753739234806870684e+01
2.424087627559226490e-03 5.871569336835334301e+08 1.754368973072712379e+01
2.448475280534187764e-03 5.871573193278200626e+08 1.755029653485122410e+01
2.473108286693110561e-03 5.871577248108366728e+08 1.755724321800895638e+01
2.497989114423788092e-03 5.871581507032847404e+08 1.756453955810053458e+01
2.523120256947351640e-03 5.871585955696643591e+08 1.757216096304079400e+01
2.548504232568100675e-03 5.871590646045060158e+08 1.758019642583498410e+01
2.574143584925863912e-03 5.871595675156097412e+08 1.758881226084047000e+01
2.600040883250883967e-03 5.871601092349624634e+08 1.759809296408753454e+01
2.626198722621268106e-03 5.871606835954647064e+08 1.760793288289121250e+01
2.652619724223037167e-03 5.871612894200879335e+08 1.761831185405931066e+01
2.679306535612780045e-03 5.871619346926587820e+08 1.762936665818254056e+01
2.706261830982965334e-03 5.871626275748015642e+08 1.764123712260943933e+01
2.733488311429897559e-03 5.871633682335441113e+08 1.765392611175345294e+01
2.760988705224400389e-03 5.871641662205631733e+08 1.766759726866786906e+01
2.788765768085199950e-03 5.871650299161968231e+08 1.768239417007062286e+01
2.816822283455062883e-03 5.871659676318103075e+08 1.769845921222311347e+01
2.845161062779721223e-03 5.871669795513448715e+08 1.771579555250976057e+01
2.873784945789596701e-03 5.871680591442884207e+08 1.773429131559603178e+01
2.902696800784354807e-03 5.871692214399812222e+08 1.775420399373885161e+01
2.931899524920335027e-03 5.871704784663910866e+08 1.777573966150288598e+01
2.961396044500860282e-03 5.871718502336946726e+08 1.779924114945761104e+01
2.991189315269468952e-03 5.871733439135695696e+08 1.782483133895482652e+01
3.021282322706105462e-03 5.871749452916260958e+08 1.785226671959728861e+01
3.051678082326284621e-03 5.871766632244508266e+08 1.788169904133501831e+01
3.082379639983257036e-03 5.871785201954659224e+08 1.791351351857498386e+01
3.113390072173236739e-03 5.871805174168077707e+08 1.794773094089703136e+01
3.144712486343674562e-03 5.871827005198661089e+08 1.798513311744097010e+01
3.176350021204654012e-03 5.871850694643054008e+08 1.802571939267262024e+01
3.208305847043400969e-03 5.871876236852566004e+08 1.806948012736869202e+01
3.240583166041975747e-03 5.871904003115991354e+08 1.811705148576304225e+01
3.273185212598150526e-03 5.871933777456578016e+08 1.816806349069673843e+01
3.306115253649508610e-03 5.871966089412358999e+08 1.822342345264354790e+01
3.339376589000824045e-03 5.872000739029188156e+08 1.828278885965703893e+01
3.372972551654723761e-03 5.872038102720956802e+08 1.834680470091791094e+01
3.406906508145664345e-03 5.872078272687739134e+08 1.841562903471143287e+01
3.441181858877290223e-03 5.872121489945003986e+08 1.848967490273393466e+01
3.475802038463178447e-03 5.872168249280586243e+08 1.856979017003152066e+01
3.510770516070997865e-03 5.872218471886476278e+08 1.865583995391078531e+01
3.546090795770155072e-03 5.872272180025845766e+08 1.874786255213349051e+01
3.581766416882921095e-03 5.872329521192446947e+08 1.884611084542872916e+01
3.617800954339084763e-03 5.872390694723029137e+08 1.895092656473846660e+01
3.654198019034199125e-03 5.872455663985509872e+08 1.906224714824941202e+01
3.690961258191409640e-03 5.872524743612163067e+08 1.918061192296214656e+01
3.728094355726924852e-03 5.872597951867427826e+08 1.930605243327391563e+01
3.765601032619178556e-03 5.872675558763617277e+08 1.943903161206883823e+01
3.803485047281690394e-03 5.872757355546816587e+08 1.957919205160860798e+01
3.841750195939683428e-03 5.872843899482775927e+08 1.972748895867822938e+01
3.880400313010490786e-03 5.872935215123469830e+08 1.988396476476458830e+01
3.919439271487791705e-03 5.873031023265389204e+08 2.004814140478877960e+01
3.958870983329711678e-03 5.873131495392743349e+08 2.022031311792727948e+01
3.998699399850814441e-03 5.873236457019000053e+08 2.040018130168309796e+01
4.038928512118067360e-03 5.873345887499942780e+08 2.058771099046233743e+01
4.079562351350764574e-03 5.873460230281200409e+08 2.078366256156864367e+01
4.120604989324471237e-03 5.873578116388291121e+08 2.098569039679917836e+01
4.162060538779057371e-03 5.873700768872135878e+08 2.119589093527421397e+01
4.203933153830817851e-03 5.873828587951192856e+08 2.141495060097149050e+01
4.246227030388730582e-03 5.873959519018701315e+08 2.163934861596734294e+01
4.288946406574930051e-03 5.874095217645969391e+08 2.187192285740383468e+01
4.332095563149385847e-03 5.874234319500410557e+08 2.211033547563869917e+01
4.375678823938859013e-03 5.874376603428833485e+08 2.235420782745869417e+01
4.419700556270189130e-03 5.874522793694945574e+08 2.260478173130652735e+01
4.464165171407919082e-03 5.874672136847513914e+08 2.286076620313769681e+01
4.509077124996336422e-03 5.874824041163077354e+08 2.312114736108366841e+01
4.554440917505959106e-03 5.874979171777611971e+08 2.338706570868193779e+01
4.600261094684508084e-03 5.875136490645904541e+08 2.365674223947133825e+01
4.646542248012426601e-03 5.875296684379049540e+08 2.393135429360655664e+01
4.693289015162966163e-03 5.875458142353718281e+08 2.420814114980125709e+01
4.740506080466926758e-03 5.875622208806411028e+08 2.448940750253705190e+01
4.788198175382045278e-03 5.875787369517269135e+08 2.477255772301345615e+01
4.836370078967117993e-03 5.875954000816390514e+08 2.505823717412548746e+01
4.885026618360906528e-03 5.876121805664706230e+08 2.534593679277692857e+01
4.934172669265834282e-03 5.876290361033828259e+08 2.563493144250517020e+01
4.983813156436567825e-03 5.876459399430750608e+08 2.592476258723895910e+01
