# Temperatures_K Pressures_bar z_km Mass_fraction_CO Mass_fraction_CO2 Mass_fraction_N2 Mass_fraction_CH4 Mass_fraction_H2O Mass_fraction_O2
1.844000000000000057e+02 1.413000000000000193e-04 3.864000000000000057e+01 6.200810484902078915e-43 2.694464710812380097e-36 1.116867246285413682e-12 9.999999999988831156e-01 8.920136081923998391e-137 8.494801102729418342e-132
1.770999999999999943e+02 2.510000000000000295e-04 3.650000000000000000e+01 8.346258421109098299e-46 1.153179717101704669e-38 3.253199930397990840e-14 9.999999999999674705e-01 1.507367835488246840e-142 1.155971562030028880e-137
1.760000000000000000e+02 4.461000000000000555e-04 3.440999999999999659e+01 1.116413592114860566e-46 1.851945509338518543e-39 7.070273302823415818e-15 9.999999999999928946e-01 1.451687749449192502e-143 8.445504641988687592e-139
1.785000000000000000e+02 7.937000000000001563e-04 3.229999999999999716e+01 2.461324968967253798e-46 2.703774217311410596e-39 5.217438377300337460e-15 9.999999999999947820e-01 1.114245331605925692e-141 4.737884917149601824e-137
1.840999999999999943e+02 1.413000000000000193e-03 3.014000000000000057e+01 4.995905518844702922e-45 2.272392745464987415e-38 1.016145282553323739e-14 9.999999999999898970e-01 1.686900918852000485e-137 5.094173168209645141e-133
1.913000000000000114e+02 2.510000000000000078e-03 2.791000000000000014e+01 2.354453058782132881e-43 3.724789521278734380e-37 2.876620425426450665e-14 9.999999999999712452e-01 1.855628401806931429e-132 3.945957780178461329e-128
1.966999999999999886e+02 4.461000000000000555e-03 2.560000000000000142e+01 2.507273501779006545e-42 1.892213886032085892e-36 4.253707564574048139e-14 9.999999999999574785e-01 5.899294159988598978e-129 9.006906555184658072e-125
2.035999999999999943e+02 7.937000000000001346e-03 2.323000000000000043e+01 5.421073180110807824e-41 1.684740775034623570e-35 8.592754848448978531e-14 9.999999999999140687e-01 1.003028960422201380e-124 1.090306752956706027e-120
2.111999999999999886e+02 1.524000000000000181e-02 2.044999999999999929e+01 1.129451149547902980e-39 1.415032902128933937e-34 1.572810120292565229e-13 9.999999999998426814e-01 2.132259115291662024e-120 1.588084623580497364e-116
2.165999999999999943e+02 2.591000000000000247e-02 1.807000000000000028e+01 7.124728904857970825e-39 4.870693524461421489e-34 1.954601495393118380e-13 9.999999999998046007e-01 1.581710772752931140e-117 8.732699146787010028e-114
2.205999999999999943e+02 3.760000000000000148e-02 1.637000000000000099e+01 2.656606001271002500e-38 1.182508515162340001e-33 2.302714401345454710e-13 9.999999999997697397e-01 1.721315334168279775e-115 7.703527699504971162e-112
2.215000000000000000e+02 5.081000000000000100e-02 1.499000000000000021e+01 2.289913420290059626e-38 9.275168149491355850e-34 1.540398421935138492e-13 9.999999999998459010e-01 4.329481998641675109e-115 1.658164533079483830e-111
2.215999999999999943e+02 6.606000000000000760e-02 1.377999999999999936e+01 1.424407870888193185e-38 5.709600321668654649e-34 9.316870346327774749e-14 9.999999999999068523e-01 4.275449461195372078e-115 1.435256467131880468e-111
2.243000000000000114e+02 8.283000000000000085e-02 1.273000000000000043e+01 3.454465609964378439e-38 1.048500639070247808e-33 1.069806714128064826e-13 9.999999999998930855e-01 9.039198614200016026e-114 2.668913185636644135e-110
2.275999999999999943e+02 1.006000000000000089e-01 1.181000000000000050e+01 1.152506646167314820e-37 2.513088350019113753e-33 1.466026439093387581e-13 9.999999999998533395e-01 3.543815613532917165e-112 9.325327692015118993e-109
2.310000000000000000e+02 1.199000000000000066e-01 1.098000000000000043e+01 3.999646760586770956e-37 6.266486828942914979e-33 2.088864960211211071e-13 9.999999999997910560e-01 1.405306961980706089e-110 3.327528670003506769e-107
2.344000000000000057e+02 1.413000000000000089e-01 1.018999999999999950e+01 1.356864314858368198e-36 1.542630863746022712e-32 2.985452318661746828e-13 9.999999999997014610e-01 5.026002071590093457e-109 1.077657678889478988e-105
2.376999999999999886e+02 1.643000000000000016e-01 9.457000000000000739e+00 4.334091634909162653e-36 3.642211033380258157e-32 4.219387635004919246e-13 9.999999999995780042e-01 1.470743954887647350e-107 2.878122924903278937e-104
2.409000000000000057e+02 1.885000000000000286e-01 8.775000000000000355e+00 1.310380226225964129e-35 8.281705050382525457e-32 5.910236570166793283e-13 9.999999999994089173e-01 3.566665099659883658e-106 6.419718676560222041e-103
2.435999999999999943e+02 2.143000000000000183e-01 8.131999999999999673e+00 3.163114498126227826e-35 1.581368250018877257e-31 7.571879698132984364e-13 9.999999999992428279e-01 4.888179015011151936e-105 8.151867724155176800e-102
2.458000000000000114e+02 2.421000000000000096e-01 7.514000000000000234e+00 6.151177542689939500e-35 2.550521420501995687e-31 8.878430160069063256e-13 9.999999999991121546e-01 3.916180018913205702e-104 6.085485672063440391e-101
2.479000000000000057e+02 2.725000000000000200e-01 6.908999999999999808e+00 1.139389253126782905e-34 3.964381049734059423e-31 1.023190612578671374e-12 9.999999999989768185e-01 2.752678684430483399e-103 3.995740204283504335e-100
2.496999999999999886e+02 3.059000000000000052e-01 6.312000000000000277e+00 1.857532059861122932e-34 5.574485636862783613e-31 1.117693328569911956e-12 9.999999999988823385e-01 1.415592450530007321e-102 1.924857653269059845e-99
2.515000000000000000e+02 3.430000000000000271e-01 5.719000000000000306e+00 3.004868796004050094e-34 7.794848284554326911e-31 1.218422417986604136e-12 9.999999999987816413e-01 7.110052033730942910e-102 9.062875873399830371e-99
2.536999999999999886e+02 3.842000000000000415e-01 5.126999999999999780e+00 5.627691562784784236e-34 1.225238810321975497e-30 1.419361826019025088e-12 9.999999999985806909e-01 5.016373389394396206e-101 5.988450761449437113e-98
2.560000000000000000e+02 4.290000000000000480e-01 4.544999999999999929e+00 1.085846890845030641e-33 1.974930298911591052e-30 1.681629813936519765e-12 9.999999999983183452e-01 3.743656409753456437e-100 4.191386452776708356e-97
2.583000000000000114e+02 4.770000000000000351e-01 3.980999999999999872e+00 2.080922493567079169e-33 3.172252819792348122e-30 1.996092484974101058e-12 9.999999999980039300e-01 2.699073478783571521e-99 2.840734538088286827e-96
2.603000000000000114e+02 5.274000000000000909e-01 3.439999999999999947e+00 3.560466625060890167e-33 4.667512505234093892e-30 2.267315169799301542e-12 9.999999999977325915e-01 1.454936955585473286e-98 1.445469113539687628e-95
2.618000000000000114e+02 5.800000000000000711e-01 2.926000000000000156e+00 5.083533854344921143e-33 5.960368550117229356e-30 2.390622128715196681e-12 9.999999999976093568e-01 5.009072959479367096e-98 4.719474905143039259e-95
2.626000000000000227e+02 6.330000000000000071e-01 2.450000000000000178e+00 5.697154716275261263e-33 6.297209204200211059e-30 2.282434468242294831e-12 9.999999999977176035e-01 9.452350132481351066e-98 8.500263714287226086e-95
2.623000000000000114e+02 6.851000000000000423e-01 2.020000000000000018e+00 4.365195704840272446e-33 4.932663714551263966e-30 1.856932398784485168e-12 9.999999999981430410e-01 7.047512939824245254e-98 6.098499955249801425e-95
2.611000000000000227e+02 7.355000000000000426e-01 1.633000000000000007e+00 2.451761436337868766e-33 3.027848763044627679e-30 1.327628273839735689e-12 9.999999999986722843e-01 2.447829687996517457e-98 2.053279404209250948e-95
2.586999999999999886e+02 7.834000000000000963e-01 1.292000000000000037e+00 8.949768886058381034e-34 1.323530067605606519e-30 7.905557508985320956e-13 9.999999999992094102e-01 2.986065297488145071e-99 2.448662266946969750e-96
2.551999999999999886e+02 8.272000000000000464e-01 1.002000000000000002e+00 2.155853024315923632e-34 4.172592133951998609e-31 3.952010173601052943e-13 9.999999999996048716e-01 1.320069917643120404e-100 1.067657193503995249e-97
2.506999999999999886e+02 8.659000000000001140e-01 7.621999999999999886e-01 3.443360966639635892e-35 9.527460551207316575e-32 1.662779580441376647e-13 9.999999999998336886e-01 2.135478775817218429e-102 1.718780240528878702e-99
2.453000000000000114e+02 8.993000000000000993e-01 5.665999999999999925e-01 3.630970167536873643e-36 1.570464065546000382e-32 5.874735104925730105e-14 9.999999999999412692e-01 1.253025980670124783e-104 1.012467737403588056e-101
2.386999999999999886e+02 9.287000000000000810e-01 4.048999999999999821e-01 2.096834721223713484e-37 1.610627772683118158e-33 1.601524926982160955e-14 9.999999999999840128e-01 1.727945559659085692e-107 1.415573173196097071e-104
2.320000000000000000e+02 9.555000000000001270e-01 2.656000000000000028e-01 9.981389174170231075e-39 1.421657074998555595e-34 4.032014151001462724e-15 9.999999999999960032e-01 1.476628698735126528e-110 1.232253361563411235e-107
2.224000000000000057e+02 9.797000000000001263e-01 1.472999999999999865e-01 9.660217516628996377e-41 3.563342816900077052e-36 5.053473305087090885e-16 9.999999999999995559e-01 2.858020955770934628e-115 2.480004645430796485e-112
2.218000000000000114e+02 1.001000000000000112e+00 4.798000000000000181e-02 6.857641369279442401e-41 2.692135709244589387e-36 4.241170237790461745e-16 9.999999999999995559e-01 1.392124777676822606e-115 1.199169345634811863e-112
2.140999999999999943e+02 1.012000000000000011e+00 0.000000000000000000e+00 1.239798659691203604e-42 1.117572847431692260e-37 7.142528182728802404e-17 9.999999999999998890e-01 1.095826231049560061e-119 9.831585671651883262e-117
