# wavelengths_cm Transit_radius_cm depth_ppm
1.005005097611864620e-05 5.900438279048632383e+08 6.712312812684942287e+01
1.015116000897692046e-05 5.900438279048632383e+08 6.712312812684942287e+01
1.025328625424038038e-05 5.900438279048632383e+08 6.712312812684942287e+01
1.035643994562451910e-05 5.900438279048632383e+08 6.712312812684942287e+01
1.046063141980162690e-05 5.900438279048632383e+08 6.712312812684942287e+01
1.056587111743663455e-05 5.900438279048632383e+08 6.712312812684942287e+01
1.067216958423325494e-05 5.900438279048632383e+08 6.712312812684942287e+01
1.077953747199078372e-05 5.900438279048632383e+08 6.712312812684942287e+01
1.088798553967148446e-05 5.900438279048632383e+08 6.712312812684942287e+01
1.099752465447867697e-05 5.900438279048632383e+08 6.712312812684942287e+01
1.110816579294569980e-05 5.900438279048632383e+08 6.712312812684942287e+01
1.121992004203588582e-05 5.900438279048632383e+08 6.712312812684942287e+01
1.133279860025347477e-05 5.900438279048632383e+08 6.712312812684942287e+01
1.144681277876580652e-05 5.900438279048632383e+08 6.712312812684942287e+01
1.156197400253681723e-05 5.900438279048632383e+08 6.712312812684942287e+01
1.167829381147182123e-05 5.900438279048632383e+08 6.712312812684942287e+01
1.179578386157390591e-05 5.900438279048632383e+08 6.712312812684942287e+01
1.191445592611200192e-05 5.900438279048632383e+08 6.712312812684942287e+01
1.203432189680054941e-05 5.900438279048632383e+08 6.712312812684942287e+01
1.215539378499117002e-05 5.900438279048632383e+08 6.712312812684942287e+01
1.227768372287629902e-05 5.900438279048632383e+08 6.712312812684942287e+01
1.240120396470489779e-05 5.900438279048632383e+08 6.712312812684942287e+01
1.252596688801037718e-05 5.900438279048632383e+08 6.712312812684942287e+01
1.265198499485092818e-05 5.900438279048632383e+08 6.712312812684942287e+01
1.277927091306235479e-05 5.900438279048632383e+08 6.712312812684942287e+01
1.290783739752339217e-05 5.900438279048632383e+08 6.712312812684942287e+01
1.303769733143384548e-05 5.900438279048632383e+08 6.712312812684942287e+01
1.316886372760564090e-05 5.900438279048632383e+08 6.712312812684942287e+01
1.330134972976669727e-05 5.900438279048632383e+08 6.712312812684942287e+01
1.343516861387804377e-05 5.900438279048632383e+08 6.712312812684942287e+01
1.357033378946423078e-05 5.900438279048632383e+08 6.712312812684942287e+01
1.370685880095693256e-05 5.900438279048632383e+08 6.712312812684942287e+01
1.384475732905225145e-05 5.900438279048632383e+08 6.712312812684942287e+01
1.398404319208165085e-05 5.900438279048632383e+08 6.712312812684942287e+01
1.412473034739655088e-05 5.900438279048632383e+08 6.712312812684942287e+01
1.426683289276699831e-05 5.900438279048632383e+08 6.712312812684942287e+01
1.441036506779437009e-05 5.900438279048632383e+08 6.712312812684942287e+01
1.455534125533826816e-05 5.900438279048632383e+08 6.712312812684942287e+01
1.470177598295772397e-05 5.900438279048632383e+08 6.712312812684942287e+01
1.484968392436698721e-05 5.899961820536479950e+08 6.630288609483311291e+01
1.499907990090598520e-05 5.899774364292432070e+08 6.598019096863524169e+01
1.514997888302542068e-05 5.899664080329668522e+08 6.579034826974053374e+01
1.530239599178694843e-05 5.899568979786428213e+08 6.562664514294937135e+01
1.545634650037846136e-05 5.899477883896172047e+08 6.546983797616678658e+01
1.561184583564445539e-05 5.899387268546756506e+08 6.531386038660612314e+01
1.576890957963195946e-05 5.899295699712930918e+08 6.515624398348413138e+01
1.592755347115201538e-05 5.899202506811647415e+08 6.499583460329746742e+01
1.608779340735667357e-05 5.899107352647957802e+08 6.483205199167962007e+01
1.624964544533208247e-05 5.899010064472807646e+08 6.466459897768089604e+01
1.641312580370754285e-05 5.898910558089137077e+08 6.449333082616871593e+01
1.657825086428063536e-05 5.898808800178551674e+08 6.431819038495044083e+01
1.674503717365880088e-05 5.898704788125114441e+08 6.413917335227607452e+01
1.691350144491750914e-05 5.898598538499901295e+08 6.395630845338943971e+01
1.708366055927488356e-05 5.898490080139387846e+08 6.376964552512823303e+01
1.725553156778338187e-05 5.898379449830784798e+08 6.357924808826761875e+01
1.742913169303845128e-05 5.898266689487891197e+08 6.338518848574179287e+01
1.760447833090430055e-05 5.898151844280996323e+08 6.318754466322167218e+01
1.778158905225705991e-05 5.898034961339192390e+08 6.298639793510439944e+01
1.796048160474551859e-05 5.897916088847978115e+08 6.278183143098463148e+01
1.814117391456962296e-05 5.897795275420317650e+08 6.257392901289841092e+01
1.832368408827666752e-05 5.897672569643750191e+08 6.236277449562744124e+01
1.850803041457577835e-05 5.897548019764152765e+08 6.214845110226341518e+01
1.869423136617056718e-05 5.897421673463590145e+08 6.193104108174634348e+01
1.888230560161017281e-05 5.897293577701289654e+08 6.171062543507866138e+01
1.907227196715894740e-05 5.897163778591184616e+08 6.148728370451540570e+01
1.926414949868509604e-05 5.897032321337445974e+08 6.126109386255809142e+01
1.945795742356805260e-05 5.896899250153300762e+08 6.103213217223171227e+01
1.965371516262523919e-05 5.896764608223308325e+08 6.080047312215440769e+01
1.985144233205823270e-05 5.896628437648278475e+08 6.056618933177177411e+01
2.005115874541831499e-05 5.896490779432125092e+08 6.032935152875743512e+01
2.025288441559197904e-05 5.896351673438358307e+08 6.009002847420362059e+01
2.045663955680637099e-05 5.896211158373507261e+08 5.984828693415686729e+01
2.066244458665489147e-05 5.896069271769194603e+08 5.960419164885445298e+01
2.087032012814308172e-05 5.895926049968166351e+08 5.935780530877839567e+01
2.108028701175525862e-05 5.895781528101340532e+08 5.910918851528371931e+01
2.129236627754191221e-05 5.895635740077284575e+08 5.885839976260416506e+01
2.150657917722792323e-05 5.895488718565326929e+08 5.860549540893827469e+01
2.172294717634222082e-05 5.895340494976961613e+08 5.835052964460967928e+01
2.194149195636877861e-05 5.895191099463660717e+08 5.809355448845687420e+01
2.216223541691917295e-05 5.895040560919828415e+08 5.783461979308495415e+01
2.238519967792708263e-05 5.894888907002798319e+08 5.757377327943854795e+01
2.261040708186494021e-05 5.894736164165613651e+08 5.731106059335992597e+01
2.283788019598265029e-05 5.894582357743108273e+08 5.704652545382112550e+01
2.306764181456906243e-05 5.894427512027798891e+08 5.678020978362150117e+01
2.329971496123614457e-05 5.894271650408669710e+08 5.651215394822337146e+01
2.353412289122598568e-05 5.894114795503648520e+08 5.624239698371928142e+01
2.377088909374116976e-05 5.893956969328933954e+08 5.597097688813254024e+01
2.401003729429865329e-05 5.893798193463367224e+08 5.569793090415741688e+01
2.425159145710702754e-05 5.893638489212828875e+08 5.542329580190271088e+01
2.449557578746801967e-05 5.893477877772952318e+08 5.514710815869504046e+01
2.474201473420199862e-05 5.893316380351114273e+08 5.486940456880919470e+01
2.499093299209791290e-05 5.893154018275076151e+08 5.459022183022180030e+01
2.524235550438780587e-05 5.892990813059489727e+08 5.430959705888257361e+01
2.549630746524632525e-05 5.892826786450411081e+08 5.402756776514304704e+01
2.575281432231543360e-05 5.892661960413086414e+08 5.374417183266063347e+01
2.601190177925428239e-05 5.892496357112712860e+08 5.345944748520899026e+01
2.627359579831492061e-05 5.892329998857731819e+08 5.317343318909001226e+01
2.653792260294403102e-05 5.892162908013834953e+08 5.288616750520439069e+01
2.680490868041047719e-05 5.891995106926066875e+08 5.259768895507995978e+01
2.707458078445958621e-05 5.891826617811926603e+08 5.230803583705050386e+01
2.734696593799414019e-05 5.891657462664477825e+08 5.201724605969544513e+01
2.762209143578209998e-05 5.891487663152869940e+08 5.172535697083685591e+01
2.789998484719177619e-05 5.891317240527752638e+08 5.143240519499892827e+01
2.818067401895454918e-05 5.891146215537815094e+08 5.113842649000571328e+01
2.846418707795512766e-05 5.890974608352748156e+08 5.084345561465432439e+01
2.875055243405012201e-05 5.890802438493117094e+08 5.054752620829275145e+01
2.903979878291497284e-05 5.890629724780139923e+08 5.025067070462891650e+01
2.933195510891937032e-05 5.890456485279811621e+08 4.995292023583983365e+01
2.962705068803162854e-05 5.890282737268847227e+08 4.965430457421178545e+01
2.992511509075238411e-05 5.890108497202838659e+08 4.935485207757211867e+01
3.022617818507783929e-05 5.889933780694830418e+08 4.905458965267078497e+01
3.053027013949255637e-05 5.889758602497831583e+08 4.875354272531042454e+01
3.083742142599260979e-05 5.889582976497964859e+08 4.845173522877460215e+01
3.114766282313919407e-05 5.889406915717004538e+08 4.814918960839058570e+01
3.146102541914264371e-05 5.889230432315382957e+08 4.784592682690352916e+01
3.177754061497776273e-05 5.889053537609173059e+08 4.754196639386225343e+01
3.209724012753050468e-05 5.888876242093423605e+08 4.723732640591580179e+01
3.242015599277600635e-05 5.888698555465172529e+08 4.693202358655461381e+01
3.274632056898893072e-05 5.888520486663800478e+08 4.662607335564268141e+01
3.307576653998604464e-05 5.888342043911024332e+08 4.631948989830971186e+01
3.340852691840115988e-05 5.888163234755386114e+08 4.601228624156564706e+01
3.374463504899331183e-05 5.887984066128017902e+08 4.570447435027164573e+01
3.408412461198826376e-05 5.887804544393680096e+08 4.539606521496914837e+01
3.442702962645320810e-05 5.887624675410864353e+08 4.508706895527161151e+01
3.477338445370585718e-05 5.887444464591147900e+08 4.477749492195411563e+01
3.512322380075770674e-05 5.887263916956347227e+08 4.446735179523915349e+01
3.547658272379187186e-05 5.887083037196847200e+08 4.415664768508668914e+01
3.583349663167583425e-05 5.886901829730063677e+08 4.384539023169686800e+01
3.619400128950973780e-05 5.886720298748486042e+08 4.353358668809401166e+01
3.655813282221040183e-05 5.886538448270366192e+08 4.322124400724679560e+01
3.692592771813101813e-05 5.886356282177946568e+08 4.290836890776314760e+01
3.729742283271766343e-05 5.886173804255015850e+08 4.259496793842435380e+01
3.767265539220255281e-05 5.885991018216297626e+08 4.228104752868232197e+01
3.805166299733413562e-05 5.885807927724375725e+08 4.196661401773378941e+01
3.843448362714504361e-05 5.885624536406720877e+08 4.165167368378034496e+01
3.882115564275795226e-05 5.885440847860510349e+08 4.133623275230274885e+01
3.921171779122938246e-05 5.885256865650810003e+08 4.102029739294933108e+01
3.960620920943250624e-05 5.885072593302778006e+08 4.070387370615011946e+01
4.000466942797909913e-05 5.884888034286434650e+08 4.038696769697961741e+01
4.040713837518044910e-05 5.884703191997156143e+08 4.006958524166999780e+01
4.081365638104859797e-05 5.884518069729307890e+08 3.975173204235775160e+01
4.122426418133777953e-05 5.884332670647840500e+08 3.943341357834589189e+01
4.163900292162616286e-05 5.884146997754383087e+08 3.911463504792107670e+01
4.205791416143903934e-05 5.883961053853058815e+08 3.879540130970556078e+01
4.248103987841343970e-05 5.883774841515176296e+08 3.847571682209606792e+01
4.290842247250446577e-05 5.883588363040807247e+08 3.815558557735970879e+01
4.334010477023398061e-05 5.883401620424015522e+08 3.783501104202660059e+01
4.377613002898218564e-05 5.883214615316159725e+08 3.751399609396833057e+01
4.421654194132238294e-05 5.883027348994494677e+08 3.719254296859428877e+01
4.466138463939907166e-05 5.882839822330816984e+08 3.687065320514036415e+01
4.511070269935035451e-05 5.882652035764788389e+08 3.654832760098494049e+01
4.556454114577487781e-05 5.882463989278333187e+08 3.622556616782445360e+01
4.602294545624336611e-05 5.882275682378482819e+08 3.590236810235663967e+01
4.648596156585586278e-05 5.882087114080749750e+08 3.557873175787293718e+01
4.695363587184495422e-05 5.881898282898777723e+08 3.525465462663814264e+01
4.742601523822462554e-05 5.881709186838949919e+08 3.493013333077030325e+01
4.790314700048665166e-05 5.881519823397976160e+08 3.460516361824212339e+01
4.838507897034398858e-05 5.881330189567747116e+08 3.427974037136002039e+01
4.887185944052151718e-05 5.881140281843833923e+08 3.395385762148098507e+01
4.936353718959548810e-05 5.880950096236771345e+08 3.362750856852260029e+01
4.986016148688150485e-05 5.880759636914987564e+08 3.330070041121473423e+01
5.036178209737151977e-05 5.880569012886677980e+08 3.297362023268695452e+01
5.086844928672058802e-05 5.880377975717245340e+08 3.264584180735478469e+01
5.138021382628384727e-05 5.880186559322870970e+08 3.231742339428659250e+01
5.189712699820427192e-05 5.879994903251239061e+08 3.198860447115015404e+01
5.241924060055124928e-05 5.879803049871292114e+08 3.165945776579853543e+01
5.294660695251117037e-05 5.879610698250023127e+08 3.132946705121788966e+01
5.347927889963035382e-05 5.879418172888319492e+08 3.099918908463738632e+01
5.401730981911015373e-05 5.879225263654594421e+08 3.066826343154723844e+01
5.456075362515593210e-05 5.879031985031366348e+08 3.033671499954290240e+01
5.510966477437971274e-05 5.878838376868797541e+08 3.000461220635742166e+01
5.566409827125674728e-05 5.878644438539099693e+08 2.967195403102552120e+01
5.622410967363753793e-05 5.878450044266518354e+08 2.933852479988328099e+01
5.678975509831529024e-05 5.878255438669319153e+08 2.900474414418340530e+01
5.736109122664875495e-05 5.878060187093544006e+08 2.866986663386069267e+01
5.793817531024228864e-05 5.877864922882720232e+08 2.833497857759065752e+01
5.852106517668301792e-05 5.877669777486302853e+08 2.800030540880516128e+01
5.910981923533519536e-05 5.877472668487255573e+08 2.766227595306389020e+01
5.970449648319332587e-05 5.877276249895817041e+08 2.732544177926135021e+01
6.030515651079422626e-05 5.877079798900227547e+08 2.698856329584840452e+01
6.091185950818825520e-05 5.876882735253142118e+08 2.665064553744532461e+01
6.152466627097058082e-05 5.876683824910889864e+08 2.630957262225420124e+01
6.214363820637348206e-05 5.876485429393486977e+08 2.596939398017815392e+01
6.276883733941989406e-05 5.876288384401413202e+08 2.563154238232841919e+01
6.340032631913837340e-05 5.876087451412671804e+08 2.528703612606152973e+01
6.403816842484107597e-05 5.875887855907230377e+08 2.494483469200012848e+01
6.468242757246505216e-05 5.875687991335351467e+08 2.460218359776452957e+01
6.533316832097654781e-05 5.875499298684580326e+08 2.427869652419924051e+01
6.599045587884045207e-05 5.875298687849920988e+08 2.393478879029252582e+01
6.665435611055486528e-05 5.875085396046305895e+08 2.356915491394845219e+01
6.732493554325070530e-05 5.874882845292102098e+08 2.322194608913609670e+01
6.800226137335835827e-05 5.874680828047908545e+08 2.287566372089727196e+01
6.868640147334142791e-05 5.874477610036100149e+08 2.252733510354293855e+01
6.937742439849752917e-05 5.874275207911974192e+08 2.218041694683451226e+01
7.007539939382828110e-05 5.874071065578186512e+08 2.183052817058150197e+01
7.078039640097813295e-05 5.873905969878115654e+08 2.154757207865203128e+01
7.149248606524298587e-05 5.873778383590902090e+08 2.132890849267327482e+01
7.221173974264900311e-05 5.873488168734371662e+08 2.083154184212318683e+01
7.293822950710315367e-05 5.873256087853528261e+08 2.043382216768942072e+01
7.367202815761576069e-05 5.873049348076205254e+08 2.007954306900743546e+01
7.441320922559495940e-05 5.872844631271979809e+08 1.972874292154315512e+01
7.516184698221517902e-05 5.872639267579580545e+08 1.937684656069183831e+01
7.591801644585994679e-05 5.872434525169955492e+08 1.902602703470455481e+01
7.668179338963868866e-05 5.872228282991274595e+08 1.867265006856214882e+01
7.745325434897987150e-05 5.872024372526255846e+08 1.832328048016591637e+01
7.823247662930074412e-05 5.872191817967184782e+08 1.861017190151317635e+01
7.901953831375320284e-05 5.871892050925914049e+08 1.809657402090952871e+01
7.981451827104854633e-05 5.871426154086558819e+08 1.729839411429620455e+01
8.061749616336090290e-05 5.871205158419878483e+08 1.691980390289561598e+01
8.142855245430941145e-05 5.871002508934998512e+08 1.657265527068469524e+01
8.224776841702128400e-05 5.870805190118883848e+08 1.623464985250008752e+01
8.307522614227641369e-05 5.870616752482248545e+08 1.591186842239054933e+01
8.391100854673272879e-05 5.870401518780721426e+08 1.554319974917539326e+01
8.475519938123526062e-05 5.870194648680506945e+08 1.518886962819897590e+01
8.560788323920873579e-05 5.869996846815737486e+08 1.485008339058550320e+01
8.646914556513422107e-05 5.869824378789613247e+08 1.455469714157316474e+01
8.733907266311093250e-05 5.870738776520853043e+08 1.612088649120403616e+01
8.821775170550482119e-05 5.869437776799403429e+08 1.389259486055382453e+01
8.910527074168394959e-05 5.869211523833380938e+08 1.350512974616557038e+01
9.000171870684110537e-05 5.869020127402849197e+08 1.317736917517898831e+01
9.090718543090599746e-05 5.868958417551257610e+08 1.307169520826329467e+01
9.182176164754698013e-05 5.868950543072363138e+08 1.305821077315723144e+01
9.274553900326273871e-05 5.868934585371196270e+08 1.303088450156250744e+01
9.367861006656603767e-05 5.868576520269618034e+08 1.241774653574622178e+01
9.462106833725999176e-05 5.868181027399421930e+08 1.174056206652678824e+01
9.557300825580683317e-05 5.867915286377269030e+08 1.128557142542036829e+01
9.653452521279174965e-05 5.867753386672114134e+08 1.100838363591737235e+01
9.750571555848176655e-05 5.867594720978413820e+08 1.073674020380040339e+01
9.848667661248037739e-05 5.867456870126483440e+08 1.050073876258453254e+01
9.947750667347967138e-05 5.867300843525511026e+08 1.023362702517451694e+01
1.004783050291107709e-04 5.867044896761128902e+08 9.795471067494078810e+00
1.014891719658928774e-04 5.866965104711997509e+08 9.658878751177432775e+00
1.025102087792825240e-04 5.866719260065809488e+08 9.238040357721207130e+00
1.035415177838240939e-04 5.868839225522583723e+08 1.286759002809939112e+01
1.045832023234028889e-04 5.868977309739986658e+08 1.310404669174154613e+01
1.056353667816000471e-04 5.869683485791728497e+08 1.431339593216832640e+01
1.066981165921528844e-04 5.868751450670973063e+08 1.271728646997273771e+01
1.077715582495204311e-04 5.866571139897928238e+08 8.984495846843216782e+00
1.088557993195540683e-04 5.866088472511328459e+08 8.158334972747898206e+00
1.099509484502767204e-04 5.865986760922613144e+08 7.984248320100420848e+00
1.110571153827704402e-04 5.866514197744292021e+08 8.887026890541614321e+00
1.121744109621725230e-04 5.866115787713279724e+08 8.205087407066550043e+00
1.133029471487832118e-04 5.867430566856836081e+08 1.045570804551347521e+01
1.144428370292851978e-04 5.865411120906425714e+08 6.999056179112046472e+00
1.155941948280749969e-04 5.865825838148845434e+08 7.708823658655989064e+00
1.167571359187092916e-04 5.864946797663130760e+08 6.204450096212376309e+00
1.179317768354664302e-04 5.864889993812688589e+08 6.107244796832499212e+00
1.191182352850232967e-04 5.864692993861914873e+08 5.770136930050379753e+00
1.203166301582505638e-04 5.873362467584681511e+08 2.061612438550983484e+01
1.215270815421265975e-04 5.875219569748952389e+08 2.379915962978173383e+01
1.227497107317707321e-04 5.874773308154290915e+08 2.303418450376483406e+01
1.239846402425976238e-04 5.868495098168368340e+08 1.227832744115076480e+01
1.252319938225942685e-04 5.865222569771556854e+08 6.676377090529799219e+00
1.264918964647207403e-04 5.868249023352128267e+08 1.185698519769306714e+01
1.277644744194345017e-04 5.864285745891404152e+08 5.073286896556307823e+00
1.290498552073420944e-04 5.871909435898511410e+08 1.812635938474022623e+01
1.303481676319776818e-04 5.865909636603462696e+08 7.852246548558031947e+00
1.316595417927094456e-04 5.874317008696292639e+08 2.225206270093750760e+01
1.329841090977765478e-04 5.867229351234289408e+08 1.011123725477516544e+01
1.343220022774576879e-04 5.872380763979265690e+08 1.893391099309489789e+01
1.356733553973706312e-04 5.865858728663752079e+08 7.765116250805437659e+00
1.370383038719069375e-04 5.866435111209694147e+08 8.751654549955649287e+00
1.384169844778016726e-04 5.864954705593467951e+08 6.217982576329262656e+00
1.398095353678386460e-04 5.863378053297871351e+08 3.520290326166408690e+00
1.412160960846944792e-04 5.863190650374630690e+08 3.199687378611351107e+00
1.426368075749220225e-04 5.870859491061500311e+08 1.632766576260089053e+01
1.440718122030740396e-04 5.883939341752710342e+08 3.875812602074393709e+01
1.455212537659684080e-04 5.874422473293761015e+08 2.243282929308266915e+01
1.469852775070980061e-04 5.865755494537448883e+08 7.588430609381886960e+00
1.484640301311855853e-04 5.864868739909790754e+08 6.070874405923796679e+00
1.499576598188834102e-04 5.871890115406544209e+08 1.809325793551112582e+01
1.514663162416225999e-04 5.865953038868784904e+08 7.926531281397816819e+00
1.529901505766114930e-04 5.878050063978223801e+08 2.865250470261554128e+01
1.545293155219835783e-04 5.874267946611077785e+08 2.216797126634237358e+01
1.560839653120996802e-04 5.869450572509475946e+08 1.391450835109370487e+01
1.576542557330033148e-04 5.884113756383934021e+08 3.905756458433405953e+01
1.592403441380307893e-04 5.873996188011529446e+08 2.170219517141362786e+01
1.608423894635792686e-04 5.883737184471799135e+08 3.841106942152195103e+01
1.624605522450340580e-04 5.874627545795085430e+08 2.278433337995705799e+01
1.640949946328538805e-04 5.876186780988382101e+08 2.545733849720505759e+01
1.657458804088202760e-04 5.875664034803866148e+08 2.456111291021550969e+01
1.674133750024500093e-04 5.869539518912270069e+08 1.406683620460439954e+01
1.690976455075709768e-04 5.863672024676409960e+08 4.023227834822121096e+00
1.707988606990669498e-04 5.863353428295568228e+08 3.478162072376482783e+00
1.725171910497899088e-04 5.862842919001067877e+08 2.604826776076923700e+00
1.742528087476425704e-04 5.862159829778980017e+08 1.436375563314955528e+00
1.760058877128318924e-04 5.866569501627188921e+08 8.981691574761073937e+00
1.777766036152977870e-04 5.864006865608155727e+08 4.596117259583319736e+00
1.795651338923168769e-04 5.865407837738475800e+08 6.993437404267018209e+00
1.813716577662815958e-04 5.863604099963338375e+08 3.907017390692351988e+00
1.831963562626600782e-04 5.862152746410838366e+08 1.424259894319820141e+00
1.850394122281366779e-04 5.862054461344436407e+08 1.256150796208989284e+00
1.869010103489332768e-04 5.870151341633725166e+08 1.511469426826366558e+01
1.887813371693165354e-04 5.878575008301589489e+08 2.955286453079726527e+01
1.906805811102916246e-04 5.873068995991448164e+08 2.011321213319515877e+01
1.925989324884816553e-04 5.870707611158998013e+08 1.606750213979466579e+01
1.945365835351997163e-04 5.885394401662352085e+08 4.125647412895760624e+01
1.964937284157120836e-04 5.890429494660334587e+08 4.990653166395057383e+01
1.984705632486936054e-04 5.878347045592380762e+08 2.916186373071768756e+01
2.004672861258807097e-04 5.892287647509992123e+08 5.310062119432659244e+01
2.024840971319218986e-04 5.888167895099407434e+08 4.602029284250683361e+01
2.045211983644271137e-04 5.883801597924156189e+08 3.852165090513557288e+01
2.065787939542189518e-04 5.889523721363269091e+08 4.834990926182467774e+01
2.086570900857881179e-04 5.884150548326610327e+08 3.912073086869486360e+01
2.107562950179551196e-04 5.877705922550100088e+08 2.806229313510164403e+01
2.128766191047380696e-04 5.870219932948658466e+08 1.523217622117495296e+01
2.150182748164319337e-04 5.865503873274257183e+08 7.157792785217845122e+00
2.171814767609003371e-04 5.871170088099155426e+08 1.685972584433191557e+01
2.193664417050791154e-04 5.868385703909121752e+08 1.209101465519749397e+01
2.215733885966984947e-04 5.863090743018218279e+08 3.028773245472746289e+00
2.238025385862239824e-04 5.862659118475079536e+08 2.290415296853237415e+00
2.260541150490153731e-04 5.865115815929106474e+08 6.493687310169761417e+00
2.283283436077113214e-04 5.863970484987806082e+08 4.533870977534528279e+00
2.306254521548388881e-04 5.862067426237548590e+08 1.278326094114903277e+00
2.329456708756484098e-04 5.861614977669395208e+08 5.044820213891689775e-01
2.352892322711802521e-04 5.861549396009337902e+08 3.923195790361981850e-01
2.376563711815636647e-04 5.861527630074019432e+08 3.550941981392972124e-01
2.400473248095479246e-04 5.861518529812597036e+08 3.395304375740009206e-01
2.424623327442721691e-04 5.861502366181259155e+08 3.118865783271909109e-01
2.449016369852743740e-04 5.861497901437561512e+08 3.042507614373857194e-01
2.473654819667408101e-04 5.866009382357358932e+08 8.022966261238185126e+00
2.498541145819994707e-04 5.871471919069684744e+08 1.737679641285769350e+01
2.523677842082608608e-04 5.869538279839833975e+08 1.406471417775633093e+01
2.549067427316076100e-04 5.865853273292877674e+08 7.755779282785630890e+00
2.574712445722342116e-04 5.868868833583507538e+08 1.291829067104094975e+01
2.600615467099422532e-04 5.873644705719486475e+08 2.109980994851816760e+01
2.626779087098917364e-04 5.875735614546304941e+08 2.468382855259415365e+01
2.653205927486100026e-04 5.878410729190325737e+08 2.927109207733282403e+01
2.679898636402643910e-04 5.898228786178197861e+08 6.331995804140189676e+01
2.706859888631987917e-04 5.897967377614518404e+08 6.287009326054580782e+01
2.734092385867356654e-04 5.889913976867240667e+08 4.902055596477291743e+01
2.761598856982491138e-04 5.898568086034451723e+08 6.390389770392503976e+01
2.789382058305104641e-04 5.897010388741484880e+08 6.122335637943263720e+01
2.817444773893080481e-04 5.890910698134324551e+08 5.073360429210050171e+01
2.845789815813451343e-04 5.884717457666105032e+08 4.009407967655138094e+01
2.874420024424190461e-04 5.878985300558953285e+08 3.025663450491792261e+01
2.903338268658834753e-04 5.873463290936977863e+08 2.078890772261642184e+01
2.932547446313961024e-04 5.871528232694796324e+08 1.747327096014767278e+01
2.962050484339578678e-04 5.877997449068890810e+08 2.856226651660070814e+01
2.991850339132419412e-04 5.879270084290046692e+08 3.074514990802165570e+01
3.021949996832188419e-04 5.877609800465958118e+08 2.789744741575282205e+01
3.052352473620797675e-04 5.870639936061962843e+08 1.595157982944563102e+01
3.083060816024607359e-04 5.867597161279703379e+08 1.074091806340966748e+01
3.114078101219701399e-04 5.873952041849879026e+08 2.162653363243790139e+01
3.145407437340249214e-04 5.873817619140564203e+08 2.139615178073636770e+01
3.177051963789960130e-04 5.873732860581885576e+08 2.125089009483511759e+01
3.209014851556663017e-04 5.870738262687857151e+08 1.612000632453195692e+01
3.241299303530064259e-04 5.870817008411195278e+08 1.625489416475000226e+01
3.273908554822708462e-04 5.872868187936112881e+08 1.976910870309136925e+01
3.306845873094145689e-04 5.874864728885539770e+08 2.319089185719350255e+01
3.340114558878371897e-04 5.874385292958134413e+08 2.236910173151321857e+01
3.373717945914571316e-04 5.872412565075148344e+08 1.898839984567959505e+01
3.407659401481178112e-04 5.869586591117442846e+08 1.414745206799495847e+01
3.441942326733289865e-04 5.866545843100683689e+08 8.941194726006598259e+00
3.476570157043498439e-04 5.861641169693521261e+08 5.492778437524599155e-01
3.511546362346130686e-04 5.861511860032514334e+08 3.281234333384874802e-01
3.546874447484954247e-04 5.868558960415741205e+08 1.238767862774722417e+01
3.582557952564392918e-04 5.872062147310549021e+08 1.838800091591033947e+01
3.618600453304267849e-04 5.865783601237241030e+08 7.636535036252196207e+00
3.655005561398100332e-04 5.862803399408650398e+08 2.537223235027130208e+00
3.691776924875035302e-04 5.871244418414778709e+08 1.698705960956526440e+01
3.728918228465397978e-04 5.875359364869037867e+08 2.403880634090515400e+01
3.766433193969919466e-04 5.874803855693378448e+08 2.308654679771981932e+01
3.804325580632686031e-04 5.869441304871164560e+08 1.389863690946640240e+01
3.842599185517856539e-04 5.861312986399464607e+08 -1.199461720321659541e-02
3.881257843890133382e-04 5.869320297544848919e+08 1.369140618489660710e+01
3.920305429599087220e-04 5.873836701084798574e+08 2.142885526147643560e+01
3.959745855467345808e-04 5.869718666925413609e+08 1.437364856210745501e+01
3.999583073682684326e-04 5.862551824650464058e+08 2.106881694619902490e+00
4.039821076194048655e-04 5.870156834675730467e+08 1.512410259983656147e+01
4.080463895111592371e-04 5.875974683781610727e+08 2.509369745297506427e+01
4.121515603110711729e-04 5.875748234724687338e+08 2.470546462365045670e+01
4.162980313840146948e-04 5.878270196176525354e+08 2.903005531277633366e+01
4.204862182334211064e-04 5.898087327306070328e+08 6.307651532203904310e+01
4.247165405429142527e-04 5.900438211900783777e+08 6.712301252452567724e+01
4.289894222183655305e-04 5.900436695073435307e+08 6.712040114163436044e+01
4.333052914303724959e-04 5.899287020030856133e+08 6.514130387135321598e+01
4.376645806571643213e-04 5.892329762413129807e+08 5.317302668338009397e+01
4.420677267279378452e-04 5.885331541982406378e+08 4.114853084881769973e+01
4.465151708666321799e-04 5.880704651821860075e+08 3.320635374545170038e+01
4.510073587361421513e-04 5.877753826654865742e+08 2.814444785981235952e+01
4.555447404829750680e-04 5.877678799513877630e+08 2.801577788628410914e+01
4.601277707823593329e-04 5.877262522278412580e+08 2.730190099338947718e+01
4.647569088838067919e-04 5.878457083304381371e+08 2.935059811639986549e+01
4.694326186571313162e-04 5.881849201435071230e+08 3.517042140781856574e+01
4.741553686389312055e-04 5.884447505793962479e+08 3.963057705869673697e+01
4.789256320795411050e-04 5.887812716550576687e+08 4.541010435723418226e+01
4.837438869904536537e-04 5.890262772255842686e+08 4.961999185026879644e+01
4.886106161922192104e-04 5.886169460006473064e+08 4.258750692573606500e+01
4.935263073628288642e-04 5.876901783593300581e+08 2.668330846141435586e+01
4.984914530865821366e-04 5.873041256364698410e+08 2.006567698156926127e+01
5.035065509034459359e-04 5.874272023106435537e+08 2.217495827124932362e+01
5.085721033589137626e-04 5.878416151572966576e+08 2.928039245279948233e+01
5.136886180543629972e-04 5.878784482305419445e+08 2.991216693941011329e+01
5.188566076979181851e-04 5.885930373857402802e+08 4.217689784383796336e+01
5.240765901558304017e-04 5.885020040308601856e+08 4.061363402687945268e+01
5.293490885043698789e-04 5.879544270211768150e+08 3.121550828508874531e+01
5.346746310822405668e-04 5.876460530403110981e+08 2.592670176653740910e+01
5.400537515435240021e-04 5.873786563422902822e+08 2.134292734420473892e+01
5.454869889111559544e-04 5.869295100184230804e+08 1.364825505990334698e+01
5.509748876309380171e-04 5.866726408488383293e+08 9.250276822986496228e+00
5.565179976260949861e-04 5.864048920448006392e+08 4.668072462793902311e+00
5.621168743523832301e-04 5.861758766139824390e+08 7.504037324892758321e-01
5.677720788537481003e-04 5.861930352813972235e+08 1.043876662117656728e+00
5.734841778185444756e-04 5.861894895448234081e+08 9.832315224040923951e-01
5.792537436363242361e-04 5.861876429474161863e+08 9.516480586197726410e-01
5.850813544551927269e-04 5.861904115616337061e+08 9.990013665473380655e-01
5.909675942397419083e-04 5.861865483740922213e+08 9.329269610618338149e-01
5.969130528295690840e-04 5.861767367962028980e+08 7.651156375965397771e-01
6.029183259983817485e-04 5.862083071691415310e+08 1.305086318363310127e+00
6.089840155136973373e-04 5.862596659103127718e+08 2.183573757724961872e+00
6.151107291971456836e-04 5.863389533105589151e+08 3.539929948369857193e+00
6.212990809853770032e-04 5.864489054912432432e+08 5.421166922894198770e+00
6.275496909915792001e-04 5.865654193087517023e+08 7.415055774465857397e+00
6.338631855676209745e-04 5.867037346114543676e+08 9.782545385454159970e+00
6.402401973668154188e-04 5.868310214263410568e+08 1.196175784405754072e+01
6.466813654073138608e-04 5.869856173309028149e+08 1.460915101052294673e+01
6.531873351361414462e-04 5.871213693315159082e+08 1.693442486535217739e+01
6.597587584938764118e-04 5.872522727367700338e+08 1.917715716074395260e+01
6.663962939799759769e-04 5.873797770260267258e+08 2.136213400375521942e+01
6.731006067187637063e-04 5.874903222136381865e+08 2.325687516402928878e+01
6.798723685260793211e-04 5.876017728051867485e+08 2.516749587050983195e+01
6.867122579765994137e-04 5.877040216230355501e+08 2.692068742690026539e+01
6.936209604718336207e-04 5.878212840462911129e+08 2.893168267730522558e+01
7.005991683088075295e-04 5.879644452853586674e+08 3.138737431215641394e+01
7.076475807494357877e-04 5.880816210450118780e+08 3.339777354019069833e+01
7.147669040905907292e-04 5.881825171974558830e+08 3.512918249452779662e+01
7.219578517348796331e-04 5.882297249508827925e+08 3.593938403761779199e+01
7.292211442621331129e-04 5.881434722227848768e+08 3.445912350941966196e+01
7.365575095016087519e-04 5.880376017334856987e+08 3.264248170228434276e+01
7.439676826049269019e-04 5.879918997402324677e+08 3.185837790735855890e+01
7.514524061197376667e-04 5.879865825797276497e+08 3.176715595919940682e+01
7.590124300641275289e-04 5.879990798187544346e+08 3.198156164624709774e+01
7.666485120017767869e-04 5.880746316468874216e+08 3.327784432317746166e+01
7.743614171178737644e-04 5.881754435517888069e+08 3.500778688091968149e+01
7.821519182957890459e-04 5.881722164370411634e+08 3.495240466883382169e+01
7.900207961945232907e-04 5.880416580640248060e+08 3.271207863919364911e+01
7.979688393269378406e-04 5.878911697252378464e+08 3.013037991548755912e+01
8.059968441387657364e-04 5.877320504480581284e+08 2.740133206756972584e+01
8.141056150884199479e-04 5.875726700780272484e+08 2.466854679380914916e+01
8.222959647276091187e-04 5.874315454618254900e+08 2.224939903143470943e+01
8.305687137827574623e-04 5.872949625822205544e+08 1.990865873811738851e+01
8.389246912372473521e-04 5.871629756406055689e+08 1.764720019504456161e+01
8.473647344144898076e-04 5.870130379412856102e+08 1.507879083263873099e+01
8.558896890618298160e-04 5.868178764034985304e+08 1.173668674179381100e+01
8.645004094352937542e-04 5.866787684960485697e+08 9.355168746668713453e+00
8.731977583851938726e-04 5.865415599157205820e+08 7.006720209665741272e+00
8.819826074425910324e-04 5.864141714605872631e+08 4.826843707244554693e+00
8.908558369066255653e-04 5.863263651527377367e+08 3.324574205417047956e+00
8.998183359327314307e-04 5.867104205521156788e+08 9.897000192676463470e+00
9.088710026217363845e-04 5.876724242715276480e+08 2.637887637147323971e+01
9.180147441098531445e-04 5.881661740908478498e+08 3.484870960756872904e+01
9.272504766595830207e-04 5.882944391140544415e+08 3.705014443824357784e+01
9.365791257515340695e-04 5.881615274006352425e+08 3.476896666789978951e+01
9.460016261771555081e-04 5.881879681620620489e+08 3.522273117784992280e+01
9.555189221324114808e-04 5.881568465890980959e+08 3.468863880113659093e+01
9.651319673123978649e-04 5.880184163151090145e+08 3.231331228370224551e+01
9.748417250069063436e-04 5.877573211283607483e+08 2.783469906769581570e+01
9.846491681969520102e-04 5.874434160452170372e+08 2.245286131249420336e+01
9.945552796522746930e-04 5.871486942084932327e+08 1.740253323047364020e+01
1.004561052029817256e-03 5.874670341049153805e+08 2.285768804213765293e+01
1.014667487973195618e-03 5.879338262193266153e+08 3.086210516923370051e+01
1.024875600213172528e-03 5.881337768491078615e+08 3.429274606587888741e+01
1.035186411669138887e-03 5.880015910271016359e+08 3.202464510022927158e+01
1.045600955551614225e-03 5.879606897505493164e+08 3.132294675534384965e+01
1.056120275465785184e-03 5.881033790260064602e+08 3.377112205416565871e+01
1.066745425516079640e-03 5.880469736495393515e+08 3.280328210847808634e+01
1.077477470411794232e-03 5.878719421092215776e+08 2.980056866318612308e+01
1.088317485573786362e-03 5.878192159284225702e+08 2.889621195574200385e+01
1.099266557242238682e-03 5.877458447093620300e+08 2.763788760169295244e+01
1.110325782585506061e-03 5.876222236993931532e+08 2.551812916327867242e+01
1.121496269810058231e-03 5.874945762164827585e+08 2.332979576820289935e+01
1.132779138271532886e-03 5.874530931187256575e+08 2.261872978717918414e+01
1.144175518586900298e-03 5.873699831995639801e+08 2.119428530954013112e+01
1.155686552747755939e-03 5.875545327048859596e+08 2.435760473835162543e+01
1.167313394234760189e-03 5.874666121736721992e+08 2.285045576227455655e+01
1.179057208133222744e-03 5.875203384113475084e+08 2.377141343364614912e+01
1.190919171249848856e-03 5.876242023027428389e+08 2.555205322749286978e+01
1.202900472230668434e-03 5.878608535766234398e+08 2.961037199381318885e+01
1.215002311680142598e-03 5.877790735596432686e+08 2.820774652337258814e+01
1.227225902281470866e-03 5.879436974007694721e+08 3.103144199762008526e+01
1.239572468918114173e-03 5.880560112234191895e+08 3.295834840340861405e+01
1.252043248796533498e-03 5.881035260710340738e+08 3.377364526921000021e+01
1.264639491570164259e-03 5.883671963124206066e+08 3.829910222113654328e+01
1.277362459464643617e-03 5.882264560674990416e+08 3.588327983674158617e+01
1.290213427404293721e-03 5.883471150891795158e+08 3.795437038138494046e+01
1.303193683139872378e-03 5.884978589804584980e+08 4.054245919901664763e+01
1.316304527377617183e-03 5.886606770246371031e+08 4.333859131140698651e+01
1.329547273909588087e-03 5.888804436436959505e+08 4.711394814912437568e+01
1.342923249745313179e-03 5.891392058295491934e+08 5.156101382350284723e+01
1.356433795244763475e-03 5.892796774201835394e+08 5.397596519918079849e+01
1.370080264252669959e-03 5.892841760152158737e+08 5.405331339961291803e+01
1.383864024234185246e-03 5.894503300499483347e+08 5.691055580086755583e+01
1.397786456411909822e-03 5.894197664566979408e+08 5.638491319430282545e+01
1.411848955904304766e-03 5.895622284894615412e+08 5.883525408291457381e+01
1.426052931865488989e-03 5.897555212504302263e+08 6.216082812858843454e+01
1.440399807626443346e-03 5.899015086712952852e+08 6.467324322114899360e+01
1.454891020837643283e-03 5.899943403586411476e+08 6.627118192197337976e+01
1.469528023613116781e-03 5.900253745794972181e+08 6.680543902784815202e+01
1.484312282675954043e-03 5.900320081494636536e+08 6.691964022009041457e+01
1.499245279505288667e-03 5.900362446593309641e+08 6.699257514606411235e+01
1.514328510484747470e-03 5.900192700838712454e+08 6.670034732657614995e+01
1.529563487052395003e-03 5.900138360444196463e+08 6.660679875159807750e+01
1.544951735852196154e-03 5.899645024382425547e+08 6.575754574152909981e+01
1.560494798886994262e-03 5.898382355874396563e+08 6.358424941393940344e+01
1.576194233673023585e-03 5.896747611987566948e+08 6.077123051398397280e+01
1.592051613395989093e-03 5.895287150345286131e+08 5.825877081982802963e+01
1.608068527068709248e-03 5.893072442118138075e+08 5.444995395426199991e+01
1.624246579690344751e-03 5.895405567393919230e+08 5.846246271615909507e+01
1.640587392407225412e-03 5.892745327858294249e+08 5.388750981468944445e+01
1.657092602675307863e-03 5.892369709968590736e+08 5.324170646691500508e+01
1.673763864424252868e-03 5.892175773938070536e+08 5.290828655176009221e+01
1.690602848223162532e-03 5.889968026241636276e+08 4.911344229589192167e+01
1.707611241447981121e-03 5.887528830207964182e+08 4.492242069125678228e+01
1.724790748450583328e-03 5.886890051677122116e+08 4.382515957155582953e+01
1.742143090729557364e-03 5.884756550232205391e+08 4.016120268769889634e+01
1.759670007102714538e-03 5.884105295561883450e+08 3.904303866921252819e+01
1.777373253881329431e-03 5.883036715188040733e+08 3.720862032110275663e+01
1.795254605046129335e-03 5.881870202625719309e+08 3.520646339864582330e+01
1.813315852425063717e-03 5.880708168371461630e+08 3.321238762225620178e+01
1.831558805872858520e-03 5.884103894478834867e+08 3.904063322961523852e+01
1.849985293452367395e-03 5.879218163626748323e+08 3.065608391405382349e+01
1.868597161617760244e-03 5.878567762274211645e+08 2.954043593797690903e+01
1.887396275399555760e-03 5.878987005524803400e+08 3.025955911730571657e+01
1.906384518591499938e-03 5.877764831458201408e+08 2.816332100489198353e+01
1.925563793939337595e-03 5.877249389755262136e+08 2.727938075554478559e+01
1.944936023331483421e-03 5.876650740788016319e+08 2.625284417174061247e+01
1.964503147991604470e-03 5.878140546004456282e+08 2.880768948584322331e+01
1.984267128673142082e-03 5.872847272536466122e+08 1.973326888136579171e+01
2.004229945855796630e-03 5.873045221204463243e+08 2.007247119259530166e+01
2.024393599943982713e-03 5.872426651514015198e+08 1.901253602301616752e+01
2.044760111467278183e-03 5.872287116078203917e+08 1.877345387580891867e+01
2.065331521282901938e-03 5.871862222673692703e+08 1.804547001323295063e+01
2.086109890780217004e-03 5.871701906526585817e+08 1.777080876586850877e+01
2.107097302087293164e-03 5.868252985471308231e+08 1.186376920660618772e+01
2.128295858279553865e-03 5.871359705616065264e+08 1.718455897914433805e+01
2.149707683590518226e-03 5.867669948753130436e+08 1.086553291976092517e+01
2.171334923624657683e-03 5.867683409572409391e+08 1.088857851140033617e+01
2.193179745572404124e-03 5.867822560707995892e+08 1.112681526974742674e+01
2.215244338427319482e-03 5.866656637770427465e+08 9.130845941349774009e+00
2.237530913205438513e-03 5.865405447740961313e+08 6.989347192731705682e+00
2.260041703166830711e-03 5.864925606377736330e+08 6.168186507055050782e+00
2.282778964039395252e-03 5.864320311807783842e+08 5.132431438386685585e+00
2.305744974244887651e-03 5.863656091982160807e+08 3.995968924185779869e+00
2.328942035127237568e-03 5.862947894558992386e+08 2.784403701295220301e+00
2.352372471183160341e-03 5.862545689211015701e+08 2.096386697225842255e+00
2.376038630295085677e-03 5.864423227013224363e+08 5.308528144625831224e+00
2.399942883966426493e-03 5.862361212854250669e+08 1.780835150254737265e+00
2.424087627559226490e-03 5.862488900778205395e+08 1.999247566289684919e+00
2.448475280534187764e-03 5.862553146616799831e+08 2.109142990194817102e+00
2.473108286693110561e-03 5.862623630154006481e+08 2.229709666173080862e+00
2.497989114423788092e-03 5.862647305421805382e+08 2.270208077250305934e+00
2.523120256947351640e-03 5.862699075239241123e+08 2.358764999017387787e+00
2.548504232568100675e-03 5.862736029047368765e+08 2.421978284671872039e+00
2.574143584925863912e-03 5.862872225188436508e+08 2.654959217952061579e+00
2.600040883250883967e-03 5.863415463241171837e+08 3.584291291665152812e+00
2.626198722621268106e-03 5.863094947050725222e+08 3.035965135371069046e+00
2.652619724223037167e-03 5.863229621540805101e+08 3.266357163584657997e+00
2.679306535612780045e-03 5.863416705291551352e+08 3.586416199604391508e+00
2.706261830982965334e-03 5.863605760602554083e+08 3.909858514660495388e+00
2.733488311429897559e-03 5.863837554389600754e+08 4.306433512881681303e+00
2.760988705224400389e-03 5.864057048574360609e+08 4.681979625160226810e+00
2.788765768085199950e-03 5.864282943576837778e+08 5.068491968477053078e+00
2.816822283455062883e-03 5.864551960614838600e+08 5.528806682333083700e+00
2.845161062779721223e-03 5.864791716628353596e+08 5.939070689807739001e+00
2.873784945789596701e-03 5.865099945614807606e+08 6.466528438334981921e+00
2.902696800784354807e-03 5.865379764720708132e+08 6.945393701712451850e+00
2.931899524920335027e-03 5.865622006803880930e+08 7.359970401852769406e+00
2.961396044500860282e-03 5.865846453159317970e+08 7.744106510436175483e+00
2.991189315269468952e-03 5.866061089272420406e+08 8.111466305548969302e+00
3.021282322706105462e-03 5.866252022386382818e+08 8.438268600719386114e+00
3.051678082326284621e-03 5.866415654810900688e+08 8.718351331700155527e+00
3.082379639983257036e-03 5.866526614026613235e+08 8.908279994070870345e+00
3.113390072173236739e-03 5.866684067253999710e+08 9.177798526621966602e+00
3.144712486343674562e-03 5.867051464673019648e+08 9.806714454661108249e+00
3.176350021204654012e-03 5.867293442671318054e+08 1.022095721452532402e+01
3.208305847043400969e-03 5.867538473171511889e+08 1.064044296938642020e+01
3.240583166041975747e-03 5.867734848445209265e+08 1.097664490528918435e+01
3.273185212598150526e-03 5.867979602295222282e+08 1.139568855474539788e+01
3.306115253649508610e-03 5.868114598707437515e+08 1.162682371252422797e+01
3.339376589000824045e-03 5.868249190030755997e+08 1.185727058762615016e+01
3.372972551654723761e-03 5.868450051813222170e+08 1.220119538140805737e+01
3.406906508145664345e-03 5.868598010028290749e+08 1.245454378024406950e+01
3.441181858877290223e-03 5.868778486577724218e+08 1.276358187098225727e+01
3.475802038463178447e-03 5.868973249546860456e+08 1.309709390089774317e+01
3.510770516070997865e-03 5.869169926246863604e+08 1.343389423428356722e+01
3.546090795770155072e-03 5.869369523660062551e+08 1.377570770163240610e+01
3.581766416882921095e-03 5.869569302209646702e+08 1.411784300761452116e+01
3.617800954339084763e-03 5.869767789578822851e+08 1.445777860575124407e+01
3.654198019034199125e-03 5.869964487111260891e+08 1.479466021438282652e+01
3.690961258191409640e-03 5.870158995127103329e+08 1.512780296405962233e+01
3.728094355726924852e-03 5.870352166194821596e+08 1.545866678704224029e+01
3.765601032619178556e-03 5.870543316148101091e+08 1.578607955821607689e+01
3.803485047281690394e-03 5.870732530954761505e+08 1.611018819724079520e+01
3.841750195939683428e-03 5.870920078127056360e+08 1.643145063102860703e+01
3.880400313010490786e-03 5.871105888899695873e+08 1.674974878741549844e+01
3.919439271487791705e-03 5.871289751204755306e+08 1.706471908958242523e+01
3.958870983329711678e-03 5.871471998656592369e+08 1.737693275773177959e+01
3.998699399850814441e-03 5.871652284711658955e+08 1.768579583246591014e+01
4.038928512118067360e-03 5.871831761734371185e+08 1.799328230629725667e+01
4.079562351350764574e-03 5.872008694655448198e+08 1.829641933374475471e+01
4.120604989324471237e-03 5.872184263239941597e+08 1.859722788863150811e+01
4.162060538779057371e-03 5.872357611591150761e+08 1.889424125451542125e+01
4.203933153830817851e-03 5.872529598851107359e+08 1.918893120477295255e+01
4.246227030388730582e-03 5.872701843436754942e+08 1.948407071732621887e+01
4.288946406574930051e-03 5.872870411909780502e+08 1.977291962605512765e+01
4.332095563149385847e-03 5.873037105609314442e+08 2.005856418756456705e+01
4.375678823938859013e-03 5.873202504889881611e+08 2.034199865975383759e+01
4.419700556270189130e-03 5.873366504084879160e+08 2.062304177331703414e+01
4.464165171407919082e-03 5.873528323863081932e+08 2.090035774277974312e+01
4.509077124996336422e-03 5.873688916157004833e+08 2.117557768499184334e+01
4.554440917505959106e-03 5.873847765318593979e+08 2.144781768380169140e+01
4.600261094684508084e-03 5.874007568559731245e+08 2.172170023887605339e+01
4.646542248012426601e-03 5.874160029287523031e+08 2.198300559966581247e+01
4.693289015162966163e-03 5.874313431515445709e+08 2.224593146064191274e+01
4.740506080466926758e-03 5.874465723530875444e+08 2.250696124942269094e+01
4.788198175382045278e-03 5.874615111430259943e+08 2.276301993379354016e+01
4.836370078967117993e-03 5.874764101647551060e+08 2.301840345574738578e+01
4.885026618360906528e-03 5.874912173758252859e+08 2.327221967208570774e+01
4.934172669265834282e-03 5.875055281233711243e+08 2.351753189146355538e+01
4.983813156436567825e-03 5.875198140338925123e+08 2.376242431906914021e+01
